# Control Points File
# Left Image: src.png
# Right Image: dst.png
# Format: Left_X Left_Y Right_X Right_Y
# Total Points: 269
# Generated Time: 2025-10-26 11:55:15

1717.976685 95.044037 3610.196777 99.726807
1789.143921 844.597961 3694.806396 845.094971
3072.916260 1193.107422 4997.852051 1170.114868
2954.361084 1094.844116 4876.333008 1073.689819
1207.005737 946.234253 3117.289795 957.220825
3098.870850 1160.908813 5022.017578 1137.447021
2720.365723 932.086975 4639.279297 915.594299
2789.445801 1048.859131 4707.690430 1030.857178
741.753174 3850.015137 2739.357178 3853.900879
1617.829224 935.562012 3527.789551 938.934448
2968.342773 802.377258 4885.072266 781.245056
1202.875244 1880.445557 3142.719727 1887.225220
2742.052979 1033.368774 4661.912109 1015.924622
3126.720703 1167.480591 5050.280273 1143.566772
1490.709351 997.763000 3401.540283 1003.189453
1263.050537 423.295135 3167.005859 435.562042
2640.694336 943.047363 4559.657715 927.772522
3136.320313 1156.894775 5059.608398 1132.815063
1834.629883 37.648819 3725.000732 39.937923
2659.729980 1076.756592 4580.643555 1061.075684
2178.311279 392.842560 4072.626709 387.379486
1586.856934 281.292328 3483.805420 288.370575
1939.419434 147.055069 3831.641846 147.492859
880.241943 1196.184082 2805.661865 1211.670410
2860.729248 577.784607 4765.617676 559.224854
2544.712402 186.686478 4438.315430 174.448242
1475.866943 226.508072 3372.216064 235.704941
2777.005371 1048.199585 4694.939941 1030.488281
2576.741211 327.561340 4472.937988 314.559967
2848.789551 1139.657227 4770.798828 1120.703857
2435.312988 210.372864 4328.278809 200.515152
2333.617188 174.701447 4224.753906 166.605881
2199.230225 391.337616 4093.333252 385.520599
2095.451172 114.542015 3984.491943 111.501228
1428.543335 315.800903 3324.714355 325.202057
1651.777954 709.904236 3557.006104 713.519409
1487.612793 540.285156 3389.273438 547.788086
1701.987671 38.422897 3592.375732 43.987297
3036.647705 743.985535 4950.175781 721.865234
3116.383789 362.777466 5020.381836 338.972870
2860.445557 1157.560059 4783.364746 1138.424194
923.713623 3938.216309 2931.760986 3939.779053
2654.215088 1170.036255 4577.806641 1154.207520
2355.518066 95.625412 4246.396484 87.568497
801.071350 3849.467529 2799.052490 3852.761963
1587.917603 43.056458 3480.281494 50.552555
1704.462158 430.842560 3602.510498 434.653748
1566.102783 37.794361 3457.745361 45.975174
712.253357 3843.325928 2709.839844 3847.549805
1571.177734 534.948608 3470.913330 540.791992
2605.328369 835.442688 4518.744629 821.197021
2731.521240 834.029968 4647.177246 817.054932
707.002075 3899.508789 2715.128662 3903.468018
1030.953491 785.742554 2943.959473 800.865295
1447.122925 281.600464 3342.788330 290.801331
2610.203613 333.772766 4507.077148 320.059692
729.362549 3846.375732 2727.121094 3850.367676
1607.469482 66.734100 3499.800293 73.881844
3109.035156 986.746887 5026.280273 963.130798
3064.328857 667.647400 4973.558594 644.903992
1932.329224 45.274166 3821.466553 45.832584
2519.892578 209.203918 4413.723633 197.228271
859.729858 1197.798584 2785.833252 1213.580811
2197.525879 152.915848 4088.451416 147.589905
869.276978 3847.882080 2869.036377 3850.351807
1901.322144 79.249718 3792.107178 80.414474
757.796875 3855.601563 2755.442871 3859.277100
2645.452148 1127.295166 4567.437988 1112.128296
1995.815430 495.509705 3892.582031 493.509949
1522.488037 104.366814 3416.037354 112.839882
1744.486450 415.987396 3641.573242 419.018494
1677.132568 329.220978 3573.593262 333.430206
2552.614258 174.123230 4445.771973 161.694397
3009.984619 852.784302 4926.676270 830.882202
2248.629639 304.293854 4141.939453 297.784790
3147.139648 1068.188232 5068.023438 1043.821777
2142.245850 804.105103 4054.080811 798.352722
3042.050781 936.372925 4957.881836 913.870605
2954.860352 1082.646118 4875.276367 1061.605347
1012.825867 1306.291870 2941.516113 1318.774414
1406.923340 232.952759 3302.618408 243.568512
2216.742188 1366.358887 4140.493164 1357.867798
1484.133179 145.212524 3379.447266 154.423904
1548.075073 672.237366 3450.784912 678.131958
1137.212769 767.145691 3047.365234 780.284607
2975.338623 605.747803 4882.052246 584.565063
2322.298828 195.656311 4214.337402 187.902634
1400.940430 308.959015 3297.352539 319.147766
1282.433594 369.895477 3182.664551 382.114655
1472.455688 487.493683 3372.485352 495.584442
2269.500488 1274.657837 4195.021973 1266.211182
2005.596924 422.805847 3901.220459 420.476440
2473.930420 694.772400 4378.974609 683.036072
2642.465820 102.691429 4536.130859 88.451462
793.223206 3852.467773 2791.374512 3855.806641
2523.400391 996.091797 4437.616211 983.065002
2637.570557 419.507965 4536.900391 404.944122
2611.327148 870.090027 4524.372559 855.467163
2388.480469 275.653656 4282.979004 266.383667
1843.847168 1919.282349 3784.078857 1916.137329
1824.358154 1887.144775 3762.804688 1884.260620
978.562378 1343.583862 2905.959229 1356.677734
749.696106 3909.906006 2757.711670 3913.350586
1626.291016 81.989113 3518.330811 88.765427
1377.169312 821.579773 3283.135742 830.117859
2087.203125 204.973801 3978.560303 201.680069
1919.121094 26.919071 3808.175537 27.568470
1864.080566 431.150574 3759.744629 431.988007
2906.673828 916.220154 4823.522461 896.233398
2646.988525 1587.149414 4579.172852 1571.292358
2092.684082 159.416565 3983.079834 156.385239
2281.212158 31.450123 4169.620605 24.972433
2529.916504 248.928284 4424.218262 236.896545
784.645264 3919.293457 2792.956299 3922.458984
2090.926270 1435.660156 4016.330811 1429.271362
1047.871826 723.367126 2959.541748 738.604004
2081.129639 237.557678 3973.280762 234.459961
2539.257813 1228.088867 4457.129395 1214.432007
2046.472412 60.462372 3935.101074 58.784554
1453.393188 571.885071 3355.482910 580.038452
3055.519043 904.731689 4970.460449 882.097961
875.369507 3936.916260 2883.822021 3939.025635
3054.973633 636.622437 4963.545898 614.148621
2545.463135 202.632233 4442.540039 190.167633
1663.399292 437.941162 3565.666504 442.359283
1994.388794 959.501465 3906.328125 955.980225
649.172119 3909.561523 2658.177734 3914.043701
2471.843994 684.942078 4376.334961 673.186523
2136.115479 217.902786 4027.710938 213.686554
1415.855591 730.333618 3321.803223 738.235657
2739.817871 1539.159424 4672.378906 1521.862183
2373.434814 141.843506 4264.883789 133.177063
1815.700073 1885.931396 3754.152588 1883.030884
750.778442 3788.304932 2748.064697 3792.333252
1945.633545 1276.972534 3865.556641 1273.512085
2138.885254 272.186829 4030.419678 267.784882
759.732178 2174.048584 2708.334961 2186.270264
1303.997559 800.829102 3209.507080 810.756653
1408.146118 838.359131 3317.552246 846.123901
2688.153809 1514.339478 4618.405762 1497.787476
2766.907959 1054.310303 4685.322266 1036.902344
2598.494873 1178.111206 4520.169434 1163.657104
2653.749268 1765.005127 4594.740723 1748.930908
2645.998047 424.035126 4545.436523 409.383545
843.159729 3844.937744 2842.017578 3847.827148
1461.532471 326.952026 3357.658447 335.868683
2040.680298 111.516777 3929.413574 109.433296
2691.486328 966.157471 4607.404297 950.052368
604.238403 1939.676025 2548.791992 1955.284546
887.813721 1292.862549 2813.221191 1307.865601
1366.236084 829.510193 3272.519775 838.035095
1624.485718 515.857422 3524.030518 521.077576
2532.007568 267.657776 4426.634277 255.442047
1546.826660 686.644714 3450.059814 692.583252
2663.277588 421.509155 4562.993652 406.532288
1520.498413 266.270721 3416.347412 274.424561
2793.291016 1059.439575 4711.640625 1041.534424
1328.418213 721.416809 3232.869629 731.069824
1429.359985 727.501587 3334.293457 735.714600
1559.628906 586.316406 3460.313721 592.025940
2847.906738 1032.442017 4767.093262 1013.723755
2684.310303 1099.027954 4605.816895 1082.825073
2380.225342 308.592529 4275.291016 299.286072
2658.063721 1731.797974 4597.404785 1715.772827
3078.062988 987.728271 4995.422852 964.601746
2219.737305 1354.593506 4143.596680 1346.122925
2689.946533 1571.671997 4622.044434 1555.160034
1432.704224 772.157837 3337.362793 779.903320
670.749878 3756.407959 2667.271729 3761.568848
715.875916 3925.626953 2724.211426 3929.385010
1514.363525 536.727661 3417.162842 543.841431
759.078491 3762.476318 2755.672363 3766.622559
1396.622314 264.949768 3293.957275 275.489471
678.699646 2069.802979 2628.924316 2083.579834
2288.804688 157.030121 4179.286133 150.028091
2623.634521 1059.805664 4544.376953 1044.917969
1532.791992 368.723083 3431.348877 375.044769
2905.997559 1113.565308 4830.479980 1093.562622
1611.600952 414.381714 3509.479004 420.125885
1520.805054 253.304871 3417.615723 261.445923
2545.873047 235.637695 4439.899902 223.324341
1510.392212 363.966431 3408.427490 372.031616
1648.999268 450.657654 3551.042725 455.433136
1783.705688 422.608673 3681.077393 424.977783
2331.127441 50.911812 4220.571289 43.149189
2888.149170 937.629517 4806.235352 917.748108
2136.276855 178.145401 4027.274902 174.240860
1633.117798 913.871521 3543.571533 917.579224
1858.094482 659.626526 3759.395508 660.161194
2989.945801 600.490479 4896.938965 578.962402
1687.249390 115.972229 3579.368408 121.211914
1302.824829 819.814209 3208.517578 829.651489
1837.334351 219.404205 3730.854736 221.243271
2200.084229 1355.113770 4123.690430 1346.982056
1577.861816 112.022224 3471.527344 119.531975
2222.798584 308.149170 4116.676270 302.103851
2819.680176 947.792114 4738.192383 929.610596
1906.959961 205.022858 3799.447510 206.480637
967.543213 791.655334 2881.725586 807.796570
3111.367676 837.158630 5025.145508 813.517151
782.998901 3933.962646 2790.925537 3937.015381
1429.420654 537.529114 3331.899414 546.399963
964.529907 1305.503784 2886.558350 1318.951294
1594.714111 559.180054 3494.762939 564.393494
1603.232544 526.150085 3502.845459 531.449829
1651.435059 530.639709 3550.911133 535.053223
2355.271240 141.575806 4246.708008 133.121002
2305.526123 164.493622 4196.308594 157.441635
2132.981689 76.089981 4021.698486 72.285500
1871.904785 1892.940186 3812.084717 1889.079346
2123.394531 826.536926 4035.088623 820.934448
3117.374023 800.512634 5030.317383 776.755493
1626.636597 2131.497803 3576.547119 2131.060547
1689.746826 408.291534 3586.450928 412.251709
2383.948242 192.795670 4275.894531 183.807083
1366.593750 598.903687 3269.330811 608.526428
2292.372803 267.046112 4186.258789 259.348938
2545.185547 991.466797 4459.692383 978.040466
1460.427246 265.940369 3356.304443 275.278931
2706.345703 470.420685 4608.517090 456.102448
2689.213135 707.619141 4600.424316 691.816772
2191.853516 258.664093 4084.623779 253.260651
1310.815186 757.579834 3215.933838 767.387268
2581.137939 872.492065 4494.304688 858.624878
2589.511230 892.937256 4502.868164 878.832581
2305.013672 249.204102 4198.023438 241.722931
2900.430420 1162.819336 4823.899902 1143.038696
3126.883545 1032.645142 5046.289063 1008.767700
3117.343506 1001.324951 5035.064453 977.655823
1647.464844 669.344788 3550.533691 673.368469
2625.425537 822.558044 4538.378418 808.008362
1802.373657 1878.282349 3739.752686 1875.616699
1566.738037 547.752075 3466.777344 553.688416
3146.767578 884.956909 5062.348633 860.591614
2285.972900 49.525105 4174.687988 42.837437
2839.248535 989.309814 4760.514160 970.142883
2366.027832 101.483391 4258.129883 92.835052
2466.476074 908.529724 4378.471191 896.532471
1923.164673 174.129440 3814.533447 174.272736
2257.553711 255.360962 4150.254395 248.870102
2676.168213 1095.824097 4597.102051 1079.922119
1398.276611 170.026260 3295.478027 180.852249
1368.937744 205.237213 3266.400391 217.181656
937.484009 1870.476440 2876.469482 1881.428589
1989.067993 223.080948 3880.814697 222.097168
1517.987671 558.428528 3419.214844 565.591003
1908.959229 1276.910645 3828.696289 1274.165405
1308.153076 290.138550 3208.602051 302.749084
3107.587646 1100.968994 5028.552246 1077.376587
2252.240479 354.905945 4146.413086 348.395996
2499.878662 373.866821 4398.336426 362.195557
2145.665039 155.173340 4035.809326 151.030609
2403.251709 100.978355 4295.299316 91.732430
2144.024658 1386.561035 4067.723145 1379.144409
1814.114014 1939.558716 3754.797852 1937.375244
2673.291748 974.872742 4588.637207 959.298523
1886.270874 438.322815 3781.763916 439.010101
3011.540039 860.328186 4928.049805 838.466858
1676.524414 672.731750 3579.606934 675.877563
1625.412842 927.533691 3535.690674 931.051575
1366.671997 2061.346436 3309.919922 2064.671387
1713.585693 183.783142 3608.846680 188.194809
2781.231689 1001.719177 4700.838867 985.698730
2348.993652 762.198486 4255.603516 752.762573
2105.062012 120.140862 3994.230713 118.698792
2423.558105 1101.248413 4338.751465 1089.879761
1452.814819 271.275391 3348.095703 280.733521
1992.871216 437.979706 3888.969482 436.108612
1978.202271 345.369019 3873.101807 343.829468
