# Control Points File
# Left Image: A1.png
# Right Image: A2.png
# Format: Left_X Left_Y Right_X Right_Y
# Total Points: 97
# Generated Time: 2025-11-26 21:53:31

115.541618 361.328217 74.871231 361.459167
170.084824 245.614746 129.924652 245.840897
157.648773 255.978104 118.066093 256.262054
158.042862 245.293762 118.047363 245.641449
90.027290 221.086945 56.870964 220.931717
128.688522 220.236755 93.405411 220.219467
129.308289 292.984070 94.031754 292.765869
419.623718 224.663239 381.357208 224.613663
420.019958 236.601028 382.033295 236.382248
373.689331 216.432404 335.598206 216.415604
371.140167 195.092163 333.055511 195.033493
373.806641 235.750748 335.685638 235.719330
358.800873 192.355011 320.782898 192.326538
268.691681 178.495148 230.427979 179.093750
372.474640 289.514771 327.707794 289.406036
129.237000 258.362030 94.001053 259.378357
92.274384 367.159668 50.481194 367.157745
193.341095 143.992630 156.004166 144.172134
114.911171 297.503113 74.229126 297.689880
67.662048 221.530457 29.800566 221.596863
390.909821 292.298584 342.153931 292.098755
391.207489 8.810683 375.136322 8.803696
117.189522 269.506348 77.808281 269.634949
91.920502 236.414001 50.020672 236.483719
60.163357 90.159790 29.540625 91.689133
93.100769 306.588104 51.193005 306.631378
88.266846 124.388817 55.005566 124.504387
26.034859 239.013397 17.030539 238.047699
44.257519 35.665859 26.566353 35.669239
192.552628 95.871010 174.436172 95.847214
92.318459 271.407776 50.384274 271.517365
79.271507 361.574158 36.474201 361.562500
116.265755 235.145309 76.758461 235.173447
184.379517 125.706070 165.471039 125.784363
106.141632 362.214020 65.406609 362.211792
94.250206 341.665375 52.351204 341.686554
110.435249 321.528534 69.951546 321.620789
105.733177 251.966583 64.987633 252.031876
423.904419 322.129944 374.455414 321.896973
323.940979 270.183319 262.705048 270.256226
77.690933 289.067810 34.902985 289.137817
211.439178 187.931137 163.285187 186.327362
49.864414 246.942490 6.045372 247.023438
116.495628 116.903999 97.609337 116.736130
126.288261 65.305573 108.305679 65.456680
51.663143 222.167999 9.056742 222.195145
102.348686 220.919525 68.600815 221.287186
317.409515 183.344910 261.675354 183.289322
49.840416 40.316704 32.139507 40.207420
74.488312 123.382370 37.499390 123.478157
81.695908 339.793121 38.952354 339.817383
190.509827 327.072968 131.272858 327.109711
308.649811 274.736969 246.032837 274.765106
104.870964 234.922791 64.101654 234.971817
354.789429 354.289886 290.615021 354.348816
76.628090 307.584686 33.736057 307.621246
113.810066 312.368500 73.162758 312.312164
47.812832 203.538818 7.958375 203.648010
60.865417 326.527649 17.297474 326.600220
245.959839 274.586060 185.789917 274.579773
87.332657 100.906105 53.577847 100.444313
113.158073 279.228058 72.985130 279.373474
331.418793 187.565353 276.564758 187.630692
91.638130 288.968140 49.589092 288.984650
73.685112 179.249649 36.297710 179.426147
59.854786 290.909210 16.298758 290.838104
112.491493 260.839294 72.279266 260.756683
290.508728 327.100586 227.221558 327.108521
59.292320 73.756546 28.474001 73.468086
245.538986 180.295609 191.917496 180.151611
65.599281 243.941895 22.298815 244.010712
85.984955 262.978027 43.573120 263.112488
90.907036 253.614883 48.880665 253.646988
15.854810 264.232605 6.697630 263.531799
105.300468 270.359344 64.519852 270.470825
406.277405 250.071884 368.012970 250.025269
75.748001 272.727966 32.956638 272.832214
121.699661 259.874573 83.068954 259.976440
49.656540 284.143799 5.881998 284.161743
83.949150 282.314087 41.450436 282.478241
84.090637 318.092987 41.590591 318.159515
206.175339 256.574707 150.882553 256.629578
393.672546 250.698410 355.311310 250.652542
180.793762 322.522614 122.737381 322.547699
365.945465 226.372650 317.425385 228.394836
260.211609 178.848648 222.443100 178.992767
40.816357 222.312683 30.400032 221.912903
232.247940 180.681564 195.551956 178.684219
345.042694 242.567200 289.713226 242.437225
36.129654 20.016342 18.471987 19.723766
210.196045 166.405823 172.656204 166.427658
422.613312 300.025269 379.075134 300.003052
63.240173 310.142853 19.742357 310.236053
99.718063 330.676453 58.267246 330.678650
241.532486 144.964828 208.255447 144.540298
104.028862 24.607195 86.782372 25.069723
60.122375 194.556976 21.147669 194.707748
