# Control Points File
# Left Image: diaoA.png
# Right Image: diaoB.png
# Format: Left_X Left_Y Right_X Right_Y
# Total Points: 330
# Generated Time: 2025-11-26 10:23:06

301.108582 324.567322 255.050598 324.578674
396.077332 273.244476 349.637665 273.208435
230.727783 145.194107 204.468567 145.013062
336.026245 339.572388 289.298401 339.439850
212.206711 143.756516 186.446442 143.666428
327.263763 333.865417 280.543640 333.736786
162.885483 143.122284 129.574432 143.276749
220.270020 136.670105 194.375000 136.578171
241.558640 200.022491 210.504761 199.923935
156.681992 276.932770 111.009216 276.855713
40.484261 171.670212 12.788640 171.565659
369.776001 325.178925 323.318848 324.839081
302.582550 241.580170 265.669495 241.494156
359.948273 342.760498 313.160828 342.634308
237.840271 208.853699 207.165024 208.492859
406.727722 272.828217 387.948456 272.814331
181.307953 219.077332 134.554962 218.977982
239.551529 126.510651 213.781204 126.450493
353.169464 324.676697 310.144043 324.556732
339.614685 278.865967 300.453369 278.762939
250.212692 101.615891 225.075073 101.613297
232.528839 91.287643 206.740372 91.272552
184.521103 132.213409 153.768753 132.116409
255.390808 113.688736 230.524872 113.518242
128.787125 69.463066 105.784813 69.993927
221.491531 73.051025 195.721039 72.802856
291.389709 163.944366 258.546509 163.887970
123.221550 144.835144 95.075775 144.846756
243.133942 155.725342 215.411636 155.675385
248.004700 352.886414 199.087158 352.773193
225.840942 114.504158 200.052994 114.415131
158.327698 266.210266 112.812798 266.422852
21.456295 9.530368 4.150064 9.521849
237.874268 221.756470 206.695709 221.411041
422.739532 149.294373 401.252777 149.256195
117.470337 356.220520 66.435989 356.049713
252.384628 129.578033 227.017532 129.750061
230.087967 129.253952 204.212448 129.183990
157.239685 97.608116 135.498672 97.537750
252.203735 149.852509 224.186691 149.819504
335.338684 36.719120 314.169678 36.761951
212.121933 97.837189 187.181168 97.836342
351.819305 357.250031 305.072418 357.144745
372.140228 168.870209 339.402069 168.570679
178.231598 104.869621 156.022903 104.885658
114.152512 111.068810 86.075829 110.828499
424.952026 65.357765 404.359497 65.599045
328.494019 188.882507 294.518188 188.816025
246.514862 114.245079 220.925018 114.025055
243.616089 360.588623 194.561249 360.451019
127.101051 354.562195 76.127190 354.457275
379.086395 293.278778 333.125488 293.177094
394.043427 155.999603 363.596558 155.244919
282.477142 280.234222 244.080994 280.107727
174.788620 7.853217 154.082138 7.791157
199.969650 292.962402 155.834473 293.237823
321.774811 355.981476 275.026825 355.865906
206.535919 184.417709 178.089874 184.576309
324.655670 242.602295 287.736908 242.537140
334.763580 357.201569 288.058075 357.073914
120.608223 310.029144 69.544479 309.914032
414.651672 226.498306 386.193207 226.392044
304.875305 158.778046 272.569641 158.706100
83.718872 300.711578 35.689121 300.072021
222.970291 125.018623 197.191254 125.098770
175.499039 297.690857 129.632996 297.590942
372.300049 82.580688 351.386658 82.959564
346.351013 166.132477 313.079315 166.091736
161.746384 259.968750 115.860298 259.988892
443.645752 147.590134 421.641693 146.591629
188.998215 18.271416 168.166321 18.205196
194.941345 168.795074 164.591339 168.697357
89.266029 349.789246 38.691620 349.645813
148.164108 120.501877 126.228836 120.450043
183.580444 49.446972 162.161102 49.384731
145.991730 24.535566 125.641129 24.365309
343.641113 81.739433 322.770508 81.669243
84.132439 10.390222 65.505287 10.287364
161.783722 70.592300 140.258682 70.574989
62.123631 26.610952 43.559879 26.476267
98.898933 100.391205 77.893669 100.045670
358.692139 66.402145 337.790527 66.622063
124.397270 273.088501 73.343040 273.005463
199.203461 278.028412 154.660782 277.783051
378.910858 315.396820 332.813629 315.251251
81.827171 73.372711 62.435032 73.233887
306.853607 148.178513 274.929596 148.166092
216.058899 53.844231 195.703140 53.900215
372.563599 272.325012 334.778992 272.150299
230.247650 19.286911 210.362396 19.238665
411.178284 170.521011 382.024170 170.541779
360.653503 163.724838 327.403900 163.686523
246.358627 18.467617 226.937683 18.406229
427.757080 305.940338 377.995880 305.964630
381.295807 95.897896 359.639465 95.479431
179.958359 86.911179 158.052536 86.827385
103.342323 153.862640 75.425011 153.526718
177.836670 310.250000 132.143906 310.185699
322.429901 282.985443 283.054901 282.898682
219.252060 19.123554 199.010742 19.088135
35.170975 36.926804 17.109875 36.871990
321.147339 52.652847 300.404388 52.943893
368.247101 220.312027 332.687683 220.209412
410.858398 101.983559 389.776123 102.061424
112.223274 10.044670 92.898705 9.943526
331.150360 270.619080 292.374268 270.529999
42.712631 76.108414 23.878557 76.039162
95.020531 75.604042 74.922455 75.488617
269.405304 174.196365 237.435333 174.174286
83.905167 330.737183 33.844856 330.643005
196.100998 48.268536 175.097214 48.210926
100.448311 53.037872 80.679871 52.952225
341.324707 242.312790 304.457733 242.214661
428.862061 316.615021 379.284271 316.706329
62.540855 91.087730 42.811485 91.067589
271.581207 110.975700 250.518356 110.946114
267.622833 358.207642 219.167221 358.095123
343.665955 253.612625 306.173309 253.520020
414.660614 14.803354 399.288879 14.619553
349.598846 54.113728 327.851440 54.317894
314.991150 268.510010 276.401031 268.427063
336.067017 208.499588 301.004395 208.393829
243.320602 266.743286 194.231689 266.641479
343.593140 287.480774 304.180115 287.394806
241.862839 184.372665 212.019836 184.168854
186.909622 86.017311 165.264862 85.939072
219.767853 210.036774 190.467712 209.960022
337.572693 134.882645 305.925934 134.886566
367.200928 139.241791 335.882385 139.229385
299.996979 88.922791 279.120819 88.894249
422.817993 294.551575 373.999573 294.416595
290.434937 224.927872 255.204803 224.823212
331.187286 255.848938 293.482666 255.738922
341.242371 127.776802 309.840454 127.701439
118.524002 330.453217 67.459206 330.338318
129.731781 314.705597 78.878616 314.615875
290.726318 271.629242 253.943741 270.910767
289.157074 11.025933 269.292999 11.717990
60.239124 74.711418 40.852097 74.604111
179.136292 280.299194 133.004242 280.334869
150.672501 111.731438 128.852264 111.653107
412.866882 356.702942 365.777771 356.773499
95.366173 13.213708 76.347244 13.107407
379.152069 205.056763 344.534851 204.918381
227.009018 6.976854 207.229980 6.916610
264.354218 99.938354 243.218719 99.804222
87.101013 22.340729 68.118744 22.251341
282.215363 79.640167 261.963898 79.086525
120.954628 251.506561 69.999809 251.358368
429.268585 36.836937 408.110077 37.086521
344.369812 185.809021 310.643768 185.771378
155.818787 23.079189 135.298859 23.011816
372.714172 60.127480 351.821289 60.089230
295.114136 194.807358 261.322968 194.772491
235.878021 303.936981 186.894196 303.854492
333.295746 197.846771 298.925415 197.772491
122.683876 20.464565 103.003914 20.331608
413.650909 305.345520 367.002747 305.236938
108.581833 31.396345 88.884460 31.194311
325.302460 132.326401 293.561554 132.323502
94.171783 62.965813 74.268730 62.854996
304.650787 253.209091 267.459961 253.032333
70.826393 51.454609 51.739021 51.358864
357.934662 257.872650 320.289368 257.762787
28.509407 45.605118 10.460086 45.495979
369.917816 361.502472 323.092468 361.264984
291.554016 185.212509 258.287659 185.199448
334.722504 163.625549 302.099884 163.646698
353.444092 147.212738 321.618011 147.182968
174.034622 323.346283 128.442947 323.258270
108.081329 207.785583 75.632599 207.207855
435.881104 329.079590 386.386841 329.061951
50.528488 98.864792 31.261110 98.679527
378.909760 182.920761 345.644836 182.863693
314.651123 296.863464 274.935150 296.780029
283.467133 238.935028 247.691101 238.831161
199.146912 37.280270 178.446701 37.221699
316.513947 253.264954 279.012177 253.211456
382.718292 73.452072 361.676697 73.508789
323.328003 206.990479 288.160248 206.879990
187.487595 28.434399 166.412140 28.327127
304.322998 128.697098 273.316040 128.526871
276.116150 140.659012 245.487411 140.547913
165.681152 289.822052 119.746277 289.702637
289.677307 253.527725 252.929520 253.438232
207.134995 327.718353 159.311844 327.647827
98.413475 307.649628 47.889046 307.629181
81.710205 345.691742 31.469086 345.569244
251.236572 253.336105 201.983414 253.257645
132.330948 134.789566 108.387924 134.752594
48.078056 68.677147 29.205626 68.561058
354.169891 312.972137 310.921234 312.389923
353.872711 198.984848 319.396362 198.892288
191.727692 314.184814 146.587357 314.098907
121.606674 292.829895 70.545456 292.692535
111.757233 324.678040 60.753433 324.591431
296.960602 141.456116 265.584534 141.413589
343.827759 347.393494 297.218872 347.284332
215.399872 158.585541 187.306061 158.497910
264.577728 56.154469 244.504990 55.492004
275.785217 228.964905 240.913544 228.848557
365.051331 199.015778 330.676514 198.912521
113.261986 273.029907 62.390175 272.964417
280.560516 152.050308 249.281876 151.995743
390.008026 346.389496 343.542664 346.265228
326.982391 80.271988 308.708588 80.264442
357.259460 185.022568 323.688019 184.942993
245.163116 323.599152 196.043259 323.511505
331.551910 281.997711 292.070557 281.947876
95.984467 110.883133 75.241936 110.727547
385.304474 271.965179 376.369934 271.963135
177.810867 332.616089 130.990540 332.533722
238.147919 285.736298 189.221313 285.640320
87.139809 64.360054 67.662781 64.222435
370.091156 155.908249 338.127014 155.896103
97.107468 31.363737 77.554726 31.229738
324.039490 223.323608 288.172913 223.239548
379.280396 65.188210 358.307007 65.062714
378.174561 193.724014 344.376648 193.659668
143.385971 8.176850 123.464149 8.058784
328.312500 148.835953 296.301300 148.939651
200.978973 92.091675 179.450409 91.875969
198.409546 309.637787 153.872604 308.339935
281.649048 194.390564 248.375549 194.381653
266.989014 219.666245 233.055252 219.550980
410.679596 317.393127 364.086700 317.336823
66.014435 342.482300 16.028166 342.342163
75.640915 40.648716 56.593681 40.539455
272.773041 208.229126 239.020096 208.152023
216.198914 175.159515 187.843231 175.073120
328.725739 324.408386 288.527985 324.331390
159.675980 40.094532 138.816650 40.027386
353.954773 173.493912 320.418732 173.479782
281.640594 354.166351 234.215942 353.912598
295.795715 301.409637 256.186737 301.303162
289.800720 172.310516 256.813202 172.265366
38.122337 63.180630 19.587584 63.098373
102.387321 353.796021 51.436039 353.598389
288.715393 205.697571 254.505722 205.524796
90.439667 287.576080 41.184616 288.424805
131.977005 122.407089 108.218796 122.336739
380.082245 242.606445 343.973114 242.536774
85.774727 89.950058 65.617508 89.928551
69.521126 142.781342 141.365097 142.578293
251.529922 192.413239 219.708618 192.391861
194.443695 61.723621 173.219391 61.671276
221.685043 150.108093 194.059174 150.112015
325.489868 293.840698 285.716461 293.731659
276.283936 334.075928 228.303391 333.950897
434.610504 345.735229 385.827637 345.676636
258.196869 46.732883 238.737106 46.849976
136.110596 358.158508 85.349396 358.065216
305.614532 306.450989 265.759674 306.308838
95.463379 339.280884 44.755886 339.215271
134.484604 22.449341 114.411537 22.349749
226.019745 202.568619 197.146912 202.461929
349.892090 233.327927 313.616394 233.327667
232.124283 341.923309 183.164764 341.797760
84.136124 30.383266 65.102226 30.271654
405.094513 345.998810 358.465271 345.909454
187.520218 292.370880 141.975357 292.200104
263.585083 281.332642 214.692245 281.201813
383.771332 228.095337 348.334625 228.047058
367.575836 314.665802 322.331787 314.551636
169.247940 89.608566 147.399124 89.512222
297.882355 311.151062 258.059357 311.043365
213.143646 340.651581 164.582474 340.496460
368.460754 182.794266 334.932770 182.733917
228.464752 174.469986 199.862686 174.374893
315.858704 359.571777 269.148712 359.425903
48.584534 169.082581 20.658987 168.878143
50.788673 87.767723 31.353558 87.737465
215.051224 353.354858 171.179291 355.214203
392.531372 315.830109 345.791107 315.848297
208.597855 62.695343 187.684677 62.523972
104.342323 40.336479 84.632851 40.246532
302.944122 211.725586 267.367035 211.684586
410.758179 135.271255 389.531921 135.309586
61.790539 283.206757 17.374304 283.098022
63.919144 245.685181 19.659502 245.634460
127.232063 341.895477 76.325195 341.778412
342.129059 314.154205 302.247711 314.019958
168.775970 22.809338 147.975815 22.713995
30.517956 55.342419 12.153526 55.179626
171.632294 366.788696 120.665382 366.657440
60.483368 228.666016 16.647934 228.739243
229.350113 358.474091 180.630005 358.430725
49.951305 261.427368 6.026531 261.240387
60.948013 267.388824 16.545889 267.385254
70.422630 216.857880 25.921432 216.828720
267.871643 341.078674 219.409714 340.911743
111.920059 165.323395 83.042313 165.860748
120.843155 345.741455 69.852478 345.576874
42.184238 145.300049 14.832206 145.103760
51.263981 114.552582 24.113775 114.192909
240.686874 42.987015 215.523712 42.543648
175.541260 97.551529 153.284119 97.499481
143.737030 82.448906 122.450356 82.375618
246.545761 160.856247 218.141281 160.700760
278.040894 60.154167 257.605713 59.622528
256.575989 140.953857 230.059784 140.340622
182.674133 24.782413 161.538681 24.584036
326.874634 24.035730 306.779053 23.757933
183.248840 77.642967 161.571823 77.575661
395.086670 190.747116 362.061005 190.760773
419.032227 172.221008 389.821655 172.081070
161.662003 318.134613 114.879951 317.843994
308.048340 193.893158 273.599823 193.774094
328.915863 88.318123 308.256714 88.228790
121.733498 261.954865 70.771332 261.766602
368.856415 237.120941 332.426636 237.038727
80.007248 122.222946 59.564774 122.144669
130.806091 304.055664 79.988121 303.999146
283.679901 133.472595 253.041718 133.285034
163.024918 343.966217 114.632187 343.890106
404.865479 314.868011 358.279419 314.783722
356.529694 220.684906 320.924255 220.607635
134.090805 279.243958 83.384865 279.183472
190.606354 279.338348 144.628189 279.210968
70.284889 323.145752 22.617380 323.048676
168.604294 164.317535 138.134491 166.781540
348.548828 158.866516 315.615112 158.788300
351.387207 98.673592 331.584167 98.287071
379.047089 263.313721 342.283203 263.298859
288.440735 76.773636 267.972137 76.385590
284.398468 163.740631 251.840195 163.664642
144.564423 243.694305 104.253792 242.754654
342.979889 197.400162 308.528259 197.309265
226.004761 333.057007 178.454758 333.015381
294.630127 248.653366 257.204681 247.470840
