# Control Points File
# Left Image: C1.png
# Right Image: C2.png
# Format: Left_X Left_Y Right_X Right_Y
# Total Points: 44
# Generated Time: 2025-11-26 21:54:35

60.269550 266.198090 16.665117 265.333893
79.740105 201.752823 36.995571 201.806595
79.740524 286.882965 35.928410 286.913177
48.576088 202.155670 5.818216 202.170975
104.001366 303.266693 59.837608 303.296844
83.048279 158.189224 40.565506 158.164047
116.630554 132.092987 74.340683 131.514359
158.185455 257.155426 104.131424 256.219330
169.524429 125.580620 119.246140 124.794907
191.741394 122.173271 148.802795 122.358810
91.641731 152.937057 49.217407 152.907776
69.050102 283.471466 25.655193 283.778748
82.701736 147.017029 40.221813 146.728409
157.730270 359.357147 103.604477 359.553192
61.813522 207.069000 18.914473 206.954453
86.852890 97.639206 56.982868 97.864662
172.301636 103.399719 131.458649 103.351135
118.660316 105.130035 76.662483 105.232285
138.611511 129.602417 96.196762 129.551346
239.737488 122.106766 221.707550 122.129662
181.478317 60.174465 162.218658 60.145737
231.299744 108.252808 213.211563 108.251114
205.880814 122.241653 188.196991 122.410240
355.158051 118.626175 290.134735 118.653862
29.690449 97.467079 11.067319 97.588928
100.436913 284.870941 56.584316 284.864532
229.506378 121.959404 211.633774 121.998062
241.579514 59.627655 222.594238 59.629848
210.539825 49.048889 191.225098 49.036705
174.724716 12.143106 153.347595 11.087611
192.913773 81.472488 174.315582 81.435631
164.262344 105.131607 122.444717 105.287315
174.952042 140.465256 120.335190 140.525543
271.279877 122.518150 241.501038 120.099503
141.369247 105.558701 91.380417 105.588219
164.122284 150.614319 110.382980 147.817429
123.212822 312.428131 78.974075 312.438416
382.779846 123.002922 328.037384 123.219177
134.183960 312.230408 89.853745 312.318512
387.323547 269.132080 338.672394 269.093109
97.695686 358.546295 53.562611 358.608032
229.136276 59.660580 210.016235 59.638130
236.115860 20.329992 216.822098 20.492956
179.963791 49.771580 160.109329 48.834030
