# Control Points File
# Left Image: grassA.png
# Right Image: grassB.png
# Format: Left_X Left_Y Right_X Right_Y
# Total Points: 142
# Generated Time: 2025-11-26 10:13:17

238.302841 186.450409 234.317551 186.335480
281.222565 47.955154 271.250610 48.564960
344.642426 193.698151 342.354218 194.101517
270.560974 82.633591 263.350952 82.898384
498.846191 39.098606 494.253723 40.494949
114.897408 219.286530 74.711502 219.324051
272.193787 186.380142 270.666718 186.680023
287.355835 38.200706 277.033478 38.746918
550.802917 185.921906 545.138184 186.719055
324.965027 166.760880 322.906464 167.026443
225.152878 21.426411 211.966766 21.650480
176.489136 145.194046 140.403458 145.185440
94.556030 239.117523 51.374985 239.004410
276.383026 168.868393 274.592865 169.129333
403.702850 197.942581 400.697052 198.139359
516.135925 239.072449 464.088318 239.056793
413.675049 196.636963 410.193573 196.988220
325.788757 199.429123 323.155701 199.569382
277.323212 216.174484 265.410309 216.125900
262.365265 1.885262 249.493698 2.394573
545.755859 14.701845 539.649048 17.346790
399.439850 79.837151 396.506622 80.787521
154.022751 152.619156 114.592827 152.619476
266.231201 117.220520 264.887573 117.470856
491.298096 219.258469 441.469086 219.212936
224.043442 75.341553 192.481674 75.509972
89.753807 229.583496 47.203075 229.461685
289.178650 139.375153 286.843781 139.781738
231.722580 4.440720 218.695847 4.896442
293.322998 203.030258 291.608063 203.092865
260.380615 185.847519 258.885284 185.911148
196.832977 11.093912 183.471420 11.209409
270.859955 198.236526 269.414978 198.429825
356.323822 159.806717 353.987183 160.203537
181.480240 237.905014 154.228912 238.192474
363.000641 171.003555 360.605072 171.340073
76.424904 97.272026 31.307526 97.160118
292.568329 126.718285 290.263580 127.252983
170.401657 44.094379 137.279099 43.979435
154.873535 214.612198 120.339729 214.765518
304.748688 112.044289 302.159607 112.514053
397.558563 157.863434 394.803986 158.399384
310.772034 201.799896 308.729614 201.829010
66.227547 143.949951 22.289900 143.713455
339.613220 124.754036 336.214630 125.262856
460.114838 234.339966 408.198914 233.818756
310.302551 51.546726 307.982666 52.104237
462.764618 105.333313 458.328979 105.906166
384.553497 185.371231 381.848602 185.946060
478.244568 244.634674 425.468353 244.555542
470.376190 38.895489 466.032074 40.505138
590.578369 16.865583 583.572632 19.340528
283.189514 89.189697 281.430725 89.746567
511.673553 247.011627 460.368347 245.737671
212.722839 31.155233 200.103363 31.334110
391.701202 22.480621 387.063873 23.696062
114.852928 179.072891 74.867271 179.095139
278.265594 133.259766 276.403595 133.624542
246.006210 16.033033 233.289917 16.365553
271.295807 100.754196 269.627350 101.057892
344.722046 63.318283 341.133087 64.100098
180.565231 216.858231 153.042511 216.834900
425.582794 155.433029 422.807373 155.815842
329.601349 32.574902 327.136566 33.168850
252.869064 137.994827 248.642349 138.267944
305.393585 88.399994 302.982025 89.030823
473.882629 234.067535 421.175293 234.026581
352.518005 37.607887 348.831970 38.390839
105.126411 162.821075 66.808624 162.898987
433.167725 146.997665 429.937225 147.524368
411.775757 76.167885 408.033813 77.223015
377.318817 17.525843 373.151978 18.577839
360.006775 51.181393 356.184723 51.952068
293.780487 153.360626 291.671509 153.694626
369.020294 198.736130 366.441803 198.808304
447.561310 96.200089 443.269745 96.978539
350.131378 119.294289 346.521942 119.887222
409.246643 28.409641 405.684113 29.459696
346.929199 98.330475 343.421295 98.854111
598.221008 181.680466 529.435486 187.064423
407.706512 109.317696 404.185242 110.069336
420.896881 180.578598 417.468323 180.700897
96.156387 216.273056 54.999447 216.206512
291.494080 179.340027 289.785980 179.677490
319.547913 178.649063 317.380096 179.043243
295.628174 105.786896 293.340149 106.253288
300.520111 79.462791 298.159210 80.065575
306.288727 153.791534 303.735107 154.121536
366.607544 111.501831 362.879974 112.121529
294.233612 93.608231 292.071564 94.101898
453.462769 14.784976 447.843231 16.220413
362.665680 31.207052 358.885681 32.020061
395.338715 66.279037 390.849945 67.135071
339.924805 70.392166 336.450165 71.014862
309.636139 168.593918 307.799866 168.851791
353.293396 227.671829 336.176666 227.680710
436.406677 171.247879 432.923004 171.241745
374.181915 50.618130 370.174866 51.332527
494.019562 7.599783 487.562134 9.350912
263.332794 161.471115 260.864349 161.931229
425.021820 104.323822 421.514008 105.281601
245.468292 53.132034 233.830399 53.559811
407.483978 158.774231 404.589417 159.156616
400.070953 14.728165 395.266876 15.973253
334.514618 200.772263 332.151062 200.807892
360.017273 127.741852 356.147491 128.320175
371.975739 102.894638 368.143036 103.620636
344.882355 205.462463 341.672394 205.582733
377.744202 113.730415 373.820221 114.411865
457.882263 68.741692 453.335052 70.063736
342.930756 31.218798 339.446167 32.065853
362.628693 39.375092 358.984985 40.170326
512.823120 61.451359 508.035217 62.905106
533.734497 20.755047 526.746277 24.095713
581.426453 24.219244 575.050659 27.419567
263.201904 214.660400 252.029343 214.478592
436.710144 75.549110 433.148254 76.424797
362.372253 194.024445 359.885681 194.109909
203.103287 153.196228 177.710434 153.196289
129.331680 201.094437 87.916985 201.360992
384.335785 94.212486 381.299652 94.721481
238.411682 158.963287 234.384781 159.228683
163.242767 229.983917 132.919479 229.913620
264.351959 125.981796 262.446716 126.352188
487.123932 255.147583 433.672150 253.607666
159.295593 202.352600 124.626663 202.289368
124.788536 94.985458 87.059242 94.879730
586.920288 260.095703 555.666199 259.475555
136.074829 234.339096 102.005554 234.123032
338.962860 51.049351 335.575012 51.739525
326.922241 86.457642 323.641693 87.015373
478.298737 11.150633 471.951721 12.784027
556.402771 249.323135 509.893768 249.136734
405.479126 59.025860 401.412140 59.768719
414.726929 268.275726 376.630463 268.005249
433.897125 126.673218 430.028076 127.176208
225.220581 43.888950 212.934326 43.887924
560.852234 206.789047 526.459412 207.357452
265.538239 71.154320 258.169617 71.127831
223.449753 193.859695 220.698044 194.207092
302.019989 299.431671 238.945801 299.378906
320.277679 117.084579 317.150055 117.549767
