# Control Points File
# Left Image: hammerL.jpg
# Right Image: hammerR.jpg
# Format: Left_X Left_Y Right_X Right_Y
# Total Points: 850
# Generated Time: 2025-11-26 10:03:32

3503.802734 1030.726074 1629.938843 1030.943604
3516.719482 1029.001221 1643.283447 1028.807495
3780.162109 932.344055 1913.213867 932.519348
2781.236816 1019.457336 910.840149 1019.244995
2660.706787 1086.206909 785.605774 1086.775146
4942.661133 648.909546 3071.312500 648.851318
2713.081543 902.143982 840.494324 901.932495
4457.842285 644.228516 2581.492920 644.342529
4923.504395 569.150635 3048.305908 569.109558
4119.768066 1341.948608 2249.089111 1342.207153
3315.605713 1705.135498 1426.646362 1705.428345
4926.606934 673.446472 3054.895752 673.222473
3409.188721 1341.059692 1527.602417 1341.140015
4952.911621 633.977600 3082.038818 633.849487
3157.918457 1548.937500 1274.480103 1549.053711
4187.147461 1390.327759 2316.091064 1390.482300
4381.181152 625.102234 2509.501709 625.134277
2808.149902 1021.793823 938.849243 1021.697937
4463.636230 659.395386 2587.096436 659.225464
3104.672607 1079.289795 1236.945801 1079.373657
2545.898438 1222.374023 674.474548 1222.322632
3333.470703 1336.435303 1449.833008 1336.235229
3871.217041 2998.030762 1897.121338 2998.011719
4447.000488 661.165161 2570.879395 661.081299
3070.444824 3061.887695 1038.519775 3061.894531
4146.286133 1299.964600 2275.878174 1300.202393
2986.119141 775.616699 1117.233032 775.605164
2692.346436 2937.336426 631.449341 2937.719971
3960.009766 2258.660156 2026.974243 2258.691650
3662.286621 2081.616455 1743.311035 2081.729004
3117.159668 1133.912964 1249.005493 1134.008423
4572.520996 1354.157959 2703.948730 1354.197388
3349.169678 1758.061401 1460.449707 1757.692871
4226.838379 2120.480225 2321.594482 2120.692139
2658.867920 915.858948 785.532104 915.598633
3785.747314 1189.285522 1919.273193 1189.560791
3144.896484 1140.588379 1276.623047 1140.659668
4984.060547 2824.197510 3063.099854 2824.336670
3726.359375 2813.588135 1737.015991 2813.655518
1972.307251 418.606567 111.791122 418.150421
3523.649414 1435.144287 1642.754761 1435.509644
3695.202881 1750.471924 1820.534424 1750.731689
3546.471191 1433.943359 1665.689331 1434.117676
4017.967041 1030.844116 2153.649414 1030.892212
2856.924316 964.597900 985.585022 964.884644
3204.280273 807.183716 1338.109375 807.316956
3759.729004 702.896179 1896.520508 702.899292
4111.911621 647.155334 2247.653809 647.209656
4262.929688 1357.875854 2389.525146 1358.224731
3490.081787 1416.224854 1608.755249 1416.175415
3550.700195 1029.043945 1677.760620 1028.929443
4238.306641 1377.616211 2365.637207 1377.813354
3154.636719 1129.892700 1286.874023 1129.971802
3648.784180 640.621582 1785.945068 640.669678
4077.968018 1112.071533 2212.712402 1112.271729
3212.617920 853.913269 1347.633789 854.042542
3082.273926 3121.427002 1052.015625 3121.385254
3266.181152 1408.045288 1384.162109 1408.259766
3593.463379 823.827698 1728.027100 823.919861
4044.551025 682.107849 2180.931885 682.205933
4424.425781 463.105316 2542.812744 463.374451
3334.056885 2082.779297 1429.724609 2082.788818
2968.601318 758.140564 1099.406006 757.954163
3346.180664 1778.419312 1456.886353 1778.281372
3430.885986 851.088806 1563.114014 850.925659
3642.244385 605.267090 1779.986206 605.321655
2194.342285 364.713562 334.851532 364.312073
2678.796143 1049.764160 806.171692 1049.563965
4784.689941 1750.544189 2897.865723 1750.866943
3960.285645 999.218384 2095.885010 999.364746
3968.702148 1018.886047 2104.112549 1019.021851
2393.483643 1201.493530 511.475128 1201.321045
3612.719971 2827.070313 1623.135376 2827.075195
3945.427246 710.227783 2082.334961 710.268860
4040.269531 2916.665283 2066.345947 2916.687500
2562.395752 159.587326 703.367676 159.206345
2795.714355 1021.170044 927.087708 1021.120483
4992.296875 547.994141 3123.101563 547.781128
3888.260254 2989.645020 1914.423584 2989.621826
2730.561768 2933.574463 669.334290 2933.529297
2616.303223 1038.984497 743.948059 1038.927490
4111.611816 3189.755371 2178.837646 3189.838623
3718.393799 1761.135376 1843.743286 1761.418213
4133.583496 1455.629639 2262.369385 1455.613892
3854.044189 3018.755615 1879.766357 3019.065674
3545.805908 2953.535889 1544.757935 2953.482666
3796.960205 1867.694946 1894.710938 1867.849121
4175.301758 1330.992676 2304.934326 1331.349976
4490.353516 4168.960938 2640.345459 4168.558594
3859.114258 601.916321 1996.486694 602.047913
2256.465332 131.276718 397.452881 130.715378
3318.435303 3042.740723 1303.271729 3042.675049
4096.331543 1444.802490 2224.811279 1444.858276
4981.659180 3160.410156 3036.156006 3160.237061
3686.722412 1767.333496 1811.582153 1767.558838
3243.063965 2944.060303 1198.485107 2944.050049
3926.145508 968.463257 2061.730713 968.635437
3273.840820 2969.137695 1233.449463 2968.987061
3135.062012 303.195190 1274.536255 303.011078
2878.722168 550.895691 1017.218689 550.702393
2349.936768 146.788101 491.260773 146.599762
4421.276855 1545.463379 2549.818359 1545.737671
3259.848877 743.450623 1390.832397 743.446350
3591.224609 3468.594482 1687.214355 3468.695801
4965.760254 2656.143799 3044.869385 2656.246094
3229.836914 1445.763184 1344.510864 1445.592651
3223.636719 819.967834 1357.865723 820.003296
3798.179199 1758.570068 1924.358765 1758.809082
4037.610596 1030.350220 2173.611084 1030.584839
2304.803223 129.017090 446.244080 128.578690
4924.978516 699.008545 3051.694336 699.150146
4920.955566 1737.189331 3036.327393 1737.386719
3970.820068 1780.341309 2098.171387 1780.644653
2451.958740 182.534637 593.318359 181.942535
3234.401611 852.036499 1368.002197 852.057190
3132.442383 336.812714 1271.736694 336.524963
3837.235107 4657.347168 1963.984497 4657.137207
3885.093262 1537.900024 2015.453735 1537.993286
2215.761475 363.218719 356.281433 362.805969
4065.520264 1660.352051 2188.540039 1660.567627
3134.677979 773.661865 1271.581177 773.801086
3962.788086 696.503784 2099.590820 696.610168
2364.393311 1508.080933 487.507141 1508.247559
4063.310059 762.951477 2198.349854 762.857788
5088.983398 2987.151855 3143.756348 2987.157227
3456.874756 1123.188965 1586.504150 1123.259766
2705.267578 2967.170654 644.722168 2967.151123
3790.554443 1751.420288 1916.706055 1751.740723
3312.656982 2918.182861 1282.176392 2918.084473
3595.060059 564.283691 1732.848999 564.242615
3854.702148 666.727417 1992.116943 666.752930
4132.939941 1126.218384 2267.499756 1126.335449
4398.434082 3324.141846 2500.975342 3324.035889
4000.666260 1034.502686 2136.294434 1034.579346
3933.914063 980.268738 2069.409668 980.447815
4606.094727 1724.046631 2731.559326 1724.384766
4080.543457 1411.781494 2210.037842 1411.902710
3702.910400 694.279236 1839.811401 694.309753
2617.406738 321.436523 757.640930 321.604401
2749.543213 807.034302 879.489746 807.297913
4030.513916 831.263916 2166.702393 831.208008
3517.260742 3096.077393 1538.622192 3096.073486
3024.432129 757.856812 1156.667480 757.695374
3993.258057 702.690918 2129.793701 702.794434
4375.997559 4554.959961 2516.281250 4554.683105
3626.653564 2877.655762 1637.281616 2877.766602
3610.611328 555.251404 1748.426147 555.196228
5041.297363 1870.194092 3119.688477 1870.358154
4484.089844 1306.270752 2616.591064 1306.640869
3719.022705 704.629578 1855.810547 704.682312
3710.828369 1743.331055 1836.287476 1743.556274
3749.431396 3008.328857 1773.914551 3008.344727
3416.267822 1542.543579 1535.092896 1542.805054
3236.930664 1422.976685 1352.645630 1424.045532
4032.873779 1038.911621 2168.657227 1038.989624
3150.817383 2912.926758 1105.752930 2912.838379
3730.874023 1760.011475 1856.383545 1760.291016
2698.915283 3640.116211 758.226685 3640.076904
1943.598022 1115.797729 71.187393 1115.747070
3850.136475 730.021790 1986.838989 730.209045
2826.483154 3913.246826 970.215881 3913.298096
4873.140137 2402.100830 2968.408936 2402.187012
4935.315430 681.290527 3062.187500 681.136292
3441.647705 856.647827 1574.090942 856.745850
2883.274414 825.503723 1012.392639 825.565491
3662.413330 658.713806 1799.813965 658.819946
4616.519043 2148.595703 2706.669434 2148.645020
4523.538574 3698.521484 2672.316162 3698.409668
4550.307617 1690.972534 2675.844727 1691.300415
2623.443115 808.320374 754.690247 808.201538
4683.083984 2734.647705 2784.838135 2734.812256
4688.829590 2080.614746 2779.537598 2081.016846
3127.053711 959.830933 1262.289917 959.831360
3729.565918 1042.538208 1863.607788 1042.653809
3665.516357 673.626587 1802.837280 673.652649
3535.034424 1301.761963 1659.751953 1301.887817
3449.635986 2900.406738 1435.270996 2900.385986
3522.717285 1002.500244 1654.357056 1002.287109
3651.123047 668.512756 1788.381104 668.568665
4701.599609 875.622681 2818.577148 876.127258
3075.604736 211.786453 1215.599487 211.585953
4868.065918 1686.055298 2994.868896 1686.294189
4508.430176 1181.609741 2639.217041 1181.744995
4095.451904 1189.750122 2229.867432 1189.657715
3350.737305 2974.760742 1322.185669 2974.117188
3961.522705 3112.328613 1976.973389 3112.285889
3811.295410 1750.972168 1937.402832 1751.201050
2837.814941 844.811829 967.560547 844.792480
3169.092773 2051.182617 1265.946045 2051.031006
4429.277344 1240.493774 2562.835449 1240.571411
3913.427734 1405.063721 2037.455933 1405.300903
4522.071289 1090.427734 2653.480469 1090.490234
5014.967285 4326.693359 3164.457031 4326.204590
2689.595947 409.158447 829.099976 408.958130
3807.902344 4720.063477 1937.562622 4719.775879
4868.069336 2815.406006 2947.422363 2816.255127
2694.710693 3194.896484 649.600769 3194.875244
4913.818848 2690.343750 2992.753174 2690.338623
4094.347412 2700.517822 2178.250732 2700.597412
4612.447754 2119.185791 2703.353516 2119.402344
3362.837891 1563.771484 1481.147217 1564.208984
3847.949707 1524.628662 1978.259521 1524.649414
4405.334961 3311.309326 2507.619385 3311.534424
4155.187500 902.020020 2290.307861 902.192383
3657.190186 1012.540588 1788.738892 1012.543213
3688.597168 672.011536 1825.679321 672.057678
3773.414063 1743.223022 1899.420898 1743.515015
2859.174072 1031.136719 989.382263 1031.343018
3951.522949 977.599243 2087.343018 977.767578
3313.370605 4076.755371 1503.593140 4076.499512
3683.551025 866.564026 1818.825439 866.538757
4221.885254 1808.631592 2347.524658 1808.876587
4698.215332 1628.061768 2827.311768 1628.212646
3197.394775 2038.245117 1296.327393 2038.407593
4454.002441 3337.478516 2556.041992 3337.449707
5009.291992 2346.227539 3102.736328 2346.083740
4569.775391 1714.126099 2696.215088 1714.514160
3715.345947 677.139526 1852.081665 677.149353
5019.418945 1864.851318 3097.489014 1865.005371
3648.232666 754.838440 1784.500244 754.943237
4124.834961 1064.440796 2260.430420 1064.566772
3267.493652 834.356445 1401.432861 834.279663
4123.527344 678.053101 2258.900879 678.059875
2881.871094 779.621155 1010.992554 779.514954
4182.400391 1231.642578 2316.582764 1231.795044
3745.868164 1733.611084 1871.725708 1733.956543
3318.487061 2887.842529 1287.713257 2887.919678
4905.276367 1799.298950 2997.591309 1799.608398
3458.689453 1197.979126 1588.485840 1198.172485
4032.066162 745.302368 2168.188477 745.518066
4756.937012 889.379395 2875.488281 889.114868
2596.301514 1093.526245 723.968750 1093.498535
5060.384277 2422.491699 3157.332275 2422.599609
3845.980713 1498.551392 1977.169800 1498.719482
3972.869629 2981.105957 1999.263184 2981.262207
4783.665527 1157.980591 2910.589355 1158.140503
4436.629883 1577.106812 2564.976318 1577.462036
4560.493164 1434.992310 2691.707031 1435.230347
4690.731934 2070.342041 2781.864990 2070.271729
4161.300781 1246.174927 2295.633301 1246.413574
4694.510742 1788.532593 2791.081787 1788.956421
4585.989746 2108.421875 2676.483398 2108.386475
4348.347168 686.101868 2478.241211 685.882263
3726.149414 3131.309814 1750.552856 3131.264893
4618.052246 2044.802124 2708.172607 2044.914795
3809.692383 2997.375000 1834.594727 2997.302490
4973.192871 1852.767822 3051.245361 1853.000000
4020.398682 1071.268677 2155.854492 1071.603882
5009.018066 1884.666992 3086.557861 1884.631226
4987.042480 590.891602 3118.376221 590.731201
4080.967529 4967.651855 2217.861328 4966.897461
5046.295410 1918.378784 3123.489990 1918.291138
3834.978027 621.548279 1972.541260 621.642212
5055.546875 1924.675415 3133.067139 1924.926392
3890.733643 971.226868 2024.475220 971.066711
3914.281006 1181.258301 2038.978760 1181.318359
3744.840576 615.848083 1882.750244 615.713684
4049.417236 778.623962 2184.500977 778.523987
4863.043457 1320.957886 2987.782959 1321.213135
2830.588379 857.178650 960.701904 857.132996
3397.930908 1239.249756 1522.385376 1239.186768
4023.446289 775.496033 2159.352539 775.385681
3696.019287 3198.294678 1720.287842 3198.282959
4353.439941 719.129456 2487.033691 719.299866
3997.656738 1018.449402 2133.208496 1018.497620
3987.180908 1016.264587 2123.142822 1016.402222
5030.500977 3111.104248 3085.155029 3111.079590
3415.681396 826.485046 1547.325195 826.601440
4036.564941 764.023926 2171.925049 763.898315
4191.953125 1899.219971 2287.330322 1899.216553
3816.744629 2968.483643 1841.200195 2968.500488
4903.082520 731.042419 3030.488525 731.043091
3307.270020 1495.114502 1425.969238 1495.327271
2640.610352 1723.176392 759.064331 1723.335083
4220.775391 1779.045166 2346.428467 1779.238892
4350.714355 2020.906860 2445.476318 2021.121826
4745.670898 1307.991943 2873.178467 1308.161377
4040.099854 2929.087891 2066.185059 2929.129150
3964.633057 2940.844971 1990.142212 2940.828125
2959.933105 792.213928 1090.200195 792.064514
4566.647949 3506.354248 2667.780762 3505.749023
3482.965820 2932.264160 1473.115356 2932.276123
2265.216064 276.347168 405.646759 275.994476
2904.992676 552.426758 1043.051758 552.234253
3852.886719 1272.661255 1980.461548 1272.890991
3940.850098 696.319519 2077.536621 696.394470
3487.843506 824.776733 1621.873291 824.774048
4462.999023 4493.260742 2597.246094 4492.748535
3994.166260 1354.188965 2121.248047 1354.533813
3544.525879 1363.635376 1664.657715 1363.569458
4729.223633 1633.198730 2858.402588 1633.353394
4640.762207 2187.995117 2730.942139 2188.284912
4911.744629 1739.517578 3026.944824 1739.726685
3654.953369 648.963196 1791.942139 648.832825
4761.935059 1874.736450 2853.539551 1874.821045
4238.860840 3664.939453 2392.909424 3664.759033
4089.931885 649.931702 2225.986572 649.902893
2630.174805 843.221802 762.261475 843.119812
4862.604004 494.019104 2990.881104 493.789612
4015.514893 2954.535400 2041.342285 2954.565186
3847.131592 3056.657227 1872.835938 3056.778076
3257.788574 1105.977295 1391.111084 1106.054199
3027.946533 825.762146 1160.228516 825.811768
4493.491699 1384.028320 2624.514893 1384.101074
4546.020020 3347.905518 2648.607666 3347.870605
4789.377441 1979.780640 2866.522949 1979.584106
2440.333496 4080.791504 547.506042 4080.506348
4532.892090 1675.129028 2658.919678 1675.361084
4911.081055 2510.683594 2991.364502 2510.904785
3821.317627 3820.572998 1990.916748 3820.942139
3059.608398 909.695862 1194.729858 909.709045
4818.549805 1738.436157 2933.172852 1738.684814
3422.999023 2914.620361 1407.645508 2914.669189
4850.761719 338.232300 2980.411377 338.010895
2845.185791 803.525635 974.350586 803.463135
2491.212891 667.156982 627.506226 666.923035
3047.719238 1051.865845 1180.342163 1051.970703
3054.269287 717.605530 1188.658569 717.315552
4917.651367 2718.755127 2996.635742 2718.715332
4304.675293 1803.206299 2428.334717 1803.540283
2833.680664 961.700073 964.436584 961.726135
3806.483887 590.347046 1944.443115 590.590881
2160.057129 776.167908 288.642151 775.852295
2012.218262 931.558777 141.740189 931.374207
4331.433105 807.983826 2464.154053 807.921936
4109.977539 1443.807129 2238.828125 1443.930298
3336.033936 1524.448608 1454.115479 1524.749756
1978.951416 967.898254 111.899757 967.782471
2453.892578 4080.574463 561.366211 4080.435303
2662.985107 397.038910 802.480530 396.769562
4048.766846 589.514282 2184.456055 589.354370
5070.029297 1918.214722 3147.736084 1918.302734
4557.163574 3515.162598 2661.672607 3514.918945
4919.521973 2638.964844 2999.037109 2639.028320
4845.401367 517.043640 2973.487061 516.815857
3766.496582 1259.799072 1898.683716 1259.950317
4833.273926 3773.227295 2974.683105 3773.110352
4608.462891 2171.902100 2698.248291 2172.113770
4015.664307 751.940796 2152.063965 752.198914
4421.705566 1713.707153 2541.404541 1713.908691
4872.272949 3143.161377 2944.953369 3143.181152
3817.289551 1002.409912 1947.134644 1002.569641
2639.565430 357.151215 779.440979 356.991486
4924.991211 2711.524414 3004.066650 2711.400391
5007.391113 1415.029785 3125.366943 1415.099487
4527.103516 1055.963623 2658.123291 1055.907715
4904.569336 2597.209229 2984.119873 2597.269043
4649.729980 1499.679321 2780.422363 1499.802856
2759.522217 1097.197144 887.283875 1097.118530
4275.171387 1902.730713 2369.916748 1902.748779
2648.209717 336.346863 788.367310 336.138367
3321.197754 3231.054443 1341.633789 3230.859863
4040.371094 1922.993652 2134.812256 1923.093994
4737.582520 865.163574 2855.274414 865.367920
4783.601074 1846.864868 2875.208496 1847.009155
3915.153320 1428.544800 2038.384644 1428.759155
2667.520508 1559.998535 791.121704 1560.222534
5023.842285 1849.536987 3101.543213 1849.615967
4240.590332 1903.416748 2335.698486 1903.603882
4190.182129 725.119324 2325.650635 725.268799
2901.048096 1317.166382 1023.078918 1317.123169
5019.157227 3047.740479 3074.308594 3047.623047
2739.708008 1691.315186 857.537292 1691.557617
4125.424316 632.820068 2260.228760 632.769226
4211.995605 5054.584473 2351.359131 5053.844727
3847.948975 1660.979370 1977.157959 1661.231079
3901.190430 544.267456 2037.236450 544.104675
4735.092285 1875.254883 2826.246826 1875.161865
2940.562988 1090.373657 1069.668823 1090.644531
3972.274902 1296.712280 2098.226807 1296.928955
5052.819336 1965.790405 3130.238770 1966.051758
2707.394043 681.051025 839.732910 681.122192
4103.592773 5042.187500 2241.635986 5041.262695
4258.146973 752.436890 2392.591309 752.447021
5038.193848 1897.155518 3115.732666 1897.206421
4505.010742 1450.888184 2633.974609 1451.068115
3334.597412 1353.230835 1451.263428 1353.079102
3780.067627 1756.393555 1905.839966 1756.712524
3525.265137 1389.482910 1645.567993 1389.476807
5056.272461 1858.591797 3134.515625 1858.793335
3497.379639 1706.597778 1611.073364 1706.649902
4625.756836 2038.630127 2716.425781 2038.747681
3579.281006 2881.157959 1578.384155 2881.432617
3832.585693 1538.151611 1961.516846 1538.277954
3415.647705 863.801697 1547.772583 863.879944
4612.660645 3329.103027 2699.844482 3328.745117
4516.886719 1081.822144 2648.271973 1082.129272
4338.112305 793.216858 2470.703125 793.095093
4369.501465 1707.435059 2489.094727 1707.683228
4894.701660 2099.759521 2975.794189 2099.913574
3831.669434 987.723389 1962.596069 987.878418
2594.303955 1454.078247 720.599060 1454.319458
4287.592285 2227.479004 2383.525146 2227.720459
4306.268066 2235.425049 2402.028076 2235.587402
4614.147949 1998.130005 2704.867920 1998.239380
2546.789551 221.592056 687.721191 221.242981
4981.755371 1846.131592 3060.574707 1846.147339
3993.802002 839.938354 2130.223389 839.862610
2021.627563 394.441223 160.171463 394.032104
5057.953613 1874.299072 3135.949707 1874.564697
4972.736816 2749.976074 3051.699463 2749.903809
3944.308350 823.247559 2080.688721 823.153198
3921.224121 3166.324463 1946.956543 3166.288818
2234.535400 361.244141 374.105377 360.676727
4600.292969 3340.785156 2690.418457 3340.709229
4009.217041 687.279968 2145.887939 687.182678
3257.872559 1361.095581 1372.731812 1361.226196
4616.737305 2238.061523 2708.188721 2238.047119
3551.436035 1379.013062 1671.364868 1379.138428
4543.733398 1680.895508 2670.205322 1681.338989
3912.802002 911.395569 2049.229248 911.400146
4992.015137 1855.414795 3069.910156 1855.527588
2548.501465 162.032837 689.638916 161.780807
2768.114746 485.663147 907.390808 485.566193
4753.016602 2147.418457 2836.538330 2147.382813
4550.864258 3499.242676 2654.877441 3499.068604
5059.881836 1363.153564 3178.414551 1363.127930
3844.654541 4796.591797 1978.973145 4796.132813
3308.784180 3202.850342 1326.570801 3202.791260
4884.858398 2609.045166 2964.222900 2609.213135
3025.263184 186.148041 1165.372681 185.787720
4593.785645 4547.532715 2746.683350 4546.996582
5051.889160 1975.806519 3129.160400 1975.779175
4463.949707 847.372131 2594.276367 847.176697
3303.301270 1334.852783 1417.256104 1334.953125
4874.548828 497.762451 3002.636230 497.615906
3754.891113 856.246643 1889.733887 856.216675
4784.151855 1993.997437 2861.847656 1993.978394
4384.124023 1489.129028 2512.546143 1489.487061
4740.298828 1885.688599 2831.701904 1885.514038
2685.673584 1060.543945 813.282898 1060.552490
4609.753418 1641.085083 2737.962891 1641.459961
3413.577637 1307.217041 1533.438599 1307.362671
4719.269531 1881.020264 2811.033447 1881.235962
4120.029297 4830.292969 2257.289063 4829.781250
4701.983887 3774.613770 2862.693359 3774.177490
4465.079590 4702.594727 2598.105225 4702.053223
3672.429688 870.006653 1807.699585 870.033142
4654.274414 438.016754 2781.294678 438.062042
4724.139648 1976.943115 2815.700928 1976.977173
5058.537598 2100.662354 3137.360107 2100.711182
4685.925293 2005.698120 2777.002441 2006.115356
4213.451172 2106.223877 2306.962158 2106.448242
4121.936523 623.901367 2256.452393 623.860229
3995.132568 802.564087 2131.767090 802.485596
4972.310059 4156.331055 3089.280762 4155.934082
4890.071777 1739.180420 3005.315674 1739.151367
2558.344971 1201.090820 690.029175 1201.133057
3675.166016 804.845154 1811.104980 805.016663
3665.241943 2802.146729 1674.777954 2802.170410
4543.350586 1976.033081 2634.985596 1975.437988
4662.980469 2063.741455 2753.689453 2063.893066
3542.989014 1305.645630 1667.860107 1305.882690
4565.689941 1359.580811 2697.486572 1359.823853
3992.853516 690.993164 2129.275635 691.208618
5041.060059 1855.376221 3119.085693 1855.556274
4509.502441 4968.191406 2639.149658 4967.345703
4687.719238 2022.881592 2779.059082 2022.889038
4384.988281 1257.008057 2518.253662 1257.322510
4718.548340 3258.089844 2798.387695 3257.877930
4974.924805 1671.659546 3101.208740 1671.822144
4696.547852 1919.039307 2787.880615 1919.096069
4592.164551 1468.130493 2723.583984 1468.325317
4364.922852 714.380005 2498.614502 714.378540
4602.023438 2135.674072 2692.363525 2135.809326
5029.697754 2330.754883 3122.801270 2330.422852
4740.658203 2537.712402 2830.239014 2537.648438
4614.760742 2100.260742 2705.873779 2100.471436
3461.380371 4708.121094 1579.287720 4707.603027
4590.051270 2095.427490 2680.615234 2095.506348
4765.777832 2578.541992 2855.282715 2578.431641
4443.804688 1458.629272 2573.311523 1458.752930
3136.270508 1550.327393 1254.632935 1550.365601
4775.039063 2117.785156 2857.256836 2117.774414
4656.406250 2016.900146 2747.929199 2017.104980
4655.565430 2035.622192 2746.312500 2035.769409
1963.697021 1249.999268 89.473953 1250.075439
3740.542480 1246.411743 1872.859375 1246.868408
4601.588867 3300.099365 2691.894287 3299.866699
4962.583008 1829.900146 3041.677246 1830.033569
4376.441406 797.852112 2509.021484 797.989258
3670.137451 789.533020 1806.315308 789.620117
4677.431152 2022.469238 2768.311768 2022.505127
4185.932129 1245.502686 2320.686523 1246.748169
4093.484375 1894.605835 2188.253418 1894.883301
3310.652832 1746.619263 1421.481689 1746.349609
2762.237549 1006.554626 890.777649 1006.261353
3695.985596 1741.096313 1821.273804 1741.471313
4144.015625 816.412903 2275.864258 816.344543
3849.871582 1474.074219 1981.125244 1474.121460
4822.097656 1411.294067 2951.374756 1411.308472
4964.283691 639.993652 3091.386475 640.085327
3987.507568 1549.802490 2109.082031 1549.792236
2642.230713 1032.845459 769.767029 1032.676392
3839.689697 4818.971680 1975.902710 4818.671875
4746.499023 896.717834 2864.561279 896.909851
3244.537109 1510.063354 1361.268066 1509.157837
3908.559570 3919.549316 2106.810303 3919.306641
3194.228027 3038.668701 1164.451904 3038.725342
4728.244141 1304.299927 2855.278564 1304.461670
3884.786621 1525.092285 2014.898682 1525.247437
2844.884766 4029.701660 996.055542 4029.127197
3912.039063 2982.597412 1938.561157 2982.493652
2924.632568 1087.786987 1050.467529 1087.730957
3910.301025 3157.928467 1935.993042 3157.985596
3967.589111 703.078186 2104.494629 703.081238
3364.270264 1440.549683 1481.220703 1440.284424
4001.329834 2971.392090 2027.241455 2971.415039
4294.234863 2237.947754 2390.201904 2238.251709
4018.897217 734.861084 2154.975830 734.935242
2622.144775 911.221863 752.397278 911.443848
3852.901855 4650.402344 1980.037354 4649.834961
4046.736816 695.257996 2182.778809 695.201904
4975.867676 605.306213 3105.567383 605.089600
2808.236084 2864.074219 734.539612 2864.010010
2838.409180 2964.536133 790.876770 2964.388672
3286.521240 1351.262573 1401.120117 1351.270142
5000.919922 3137.768799 3054.682617 3137.647461
2450.407227 1170.487427 573.492126 1170.023193
3471.866943 1695.537231 1583.737549 1696.411987
2578.890625 3158.214355 533.479858 3158.157715
4854.570801 517.416382 2982.421875 517.279907
3876.004150 2986.924072 1901.918457 2986.690430
3892.149658 515.953918 2027.094116 515.534363
3149.186279 1542.181519 1265.799316 1542.221069
3761.471680 1117.074097 1895.240112 1116.814941
4188.531738 2049.091797 2282.969238 2049.269287
3159.122070 3071.263428 1128.602661 3071.195313
4869.204102 2780.509277 2948.438965 2780.394531
3498.537598 1436.613770 1617.839600 1436.636230
2192.480469 254.117172 332.670013 253.756653
4900.090332 2508.601074 2980.123047 2508.777344
3780.860352 654.318604 1918.485352 654.010559
5049.479980 1334.736572 3167.880859 1334.778687
2992.305420 3143.366211 962.223450 3143.442139
4765.059082 1313.566162 2892.462158 1313.740723
2730.450928 1013.244324 856.147278 1013.514221
4625.687012 2016.131226 2716.224609 2016.342773
4147.666504 1896.393921 2242.972900 1896.734497
2358.067139 3033.756836 273.225830 3033.935547
3845.534180 663.257202 1982.715698 663.408813
4861.249023 1659.982544 2988.892822 1659.981079
4941.371582 3803.211182 3089.211182 3803.003418
4985.726563 2815.896240 3064.581787 2816.106689
4624.059082 3790.411621 2783.615723 3790.241699
4828.664551 2392.222168 2921.239014 2392.274170
2593.779785 300.546356 734.383728 299.986176
3189.187500 995.157776 1324.186646 995.637024
2113.388916 3804.858643 180.451752 3805.227539
2152.002441 188.835022 291.957336 188.532516
2832.707520 2868.611328 758.534790 2868.614990
4286.478027 2207.130371 2381.677734 2207.206299
4270.434082 1450.358765 2398.512695 1450.604492
5003.319336 1117.789917 3122.841553 1118.048218
4974.270996 2852.961670 3052.951660 2853.281494
4052.053223 1020.938660 2185.949463 1020.828369
3981.720459 725.091125 2118.142578 725.047791
3006.443848 574.537415 1144.330322 574.512390
4013.494385 814.519653 2149.892090 814.548828
3746.631592 2942.000000 1758.951660 2941.941895
3671.546143 3763.725830 1829.658691 3764.025391
4013.266846 1940.948608 2107.000732 1941.259155
3699.543213 667.739624 1836.513184 667.810364
3342.503662 1745.117798 1453.238037 1745.009399
4562.890137 1724.125488 2688.820557 1723.978394
4876.322266 2637.603760 2965.446533 2637.632568
3568.920654 1270.153564 1697.219482 1270.207886
3656.696045 766.099060 1793.040283 766.246277
5046.601074 1353.975342 3165.307129 1353.915894
2400.309326 165.172638 541.344604 164.692413
2762.085449 2975.562500 714.223389 2975.959717
4748.805664 816.632324 2869.562988 816.666016
2342.141846 2948.927734 256.773895 2948.799072
4080.621826 1961.335083 2174.573242 1961.663086
2319.718994 2957.841309 234.633377 2957.838135
2313.266602 257.511780 453.325592 257.089478
5053.539551 2297.406494 3147.611572 2297.435791
4838.270020 2844.957275 2929.205811 2845.214111
3586.031738 1643.279175 1702.620605 1643.442139
4358.690918 2280.647705 2453.911865 2280.651611
4279.565430 943.094543 2412.629639 943.200256
4965.088867 1687.322388 3091.207764 1687.282959
3786.958008 2454.641113 1887.644165 2454.792236
5023.362305 1340.635864 3141.875244 1340.721313
3929.505371 1138.891479 2054.228027 1138.836182
4692.393066 1893.179443 2784.187744 1893.389404
3784.670410 1272.752075 1914.267944 1272.868896
4802.735352 1806.640015 2895.339355 1806.812500
4904.697266 2082.161621 2983.738770 2082.167480
4511.379395 4941.471191 2639.980957 4941.033691
4396.786621 1243.825073 2529.475586 1243.953247
3172.113281 1454.407471 1290.133789 1454.634766
3577.083008 1457.396729 1697.569214 1457.898926
3298.001221 1605.107910 1414.559692 1605.288574
4935.497070 2663.693604 3014.814697 2663.728271
3261.966309 1049.062256 1396.052002 1049.325073
4172.436523 3760.732910 2342.621826 3760.959229
3445.647705 2874.636963 1431.276611 2874.543213
5066.784668 3013.894287 3122.116943 3013.793701
2141.152588 798.511108 269.623901 798.251587
3512.979492 1652.017578 1627.865356 1652.056519
3632.874512 1586.188843 1754.387817 1586.156494
4143.643555 671.851318 2278.697998 671.793518
4583.770508 1697.192383 2710.992920 1697.441162
4719.758301 1929.916504 2810.649170 1930.067749
3515.300293 4373.229492 1655.758667 4372.765137
4707.770996 1567.749390 2837.728516 1567.793701
2655.030762 392.678955 794.405151 392.489380
3946.496338 1287.814697 2072.381836 1288.085449
4964.996582 3799.308350 3111.736328 3799.091797
4600.277832 2199.659912 2690.414307 2198.863770
4375.882324 3372.318115 2477.029297 3372.044434
4640.109863 2119.372559 2730.817139 2119.647461
4870.493652 1795.777100 2962.837891 1795.928345
3134.156006 975.042053 1269.021362 975.032532
3839.759277 369.464050 1972.439087 369.138519
3155.085693 763.584229 1291.151367 763.779419
4504.489746 4513.716309 2642.967773 4513.250000
2643.647461 795.070313 775.214783 794.750427
4503.439453 1680.910645 2628.671387 1681.175781
3679.181152 557.804626 1817.746460 557.955994
4669.511719 2795.873535 2773.012695 2796.069580
3780.289063 1238.959717 1913.180054 1239.242676
2755.635986 729.782104 885.965454 729.551208
4078.180420 593.801758 2213.453369 593.703003
2252.210205 848.040222 382.526947 847.539856
3196.713867 1378.605957 1314.654297 1379.062134
4191.984375 904.510681 2326.157715 904.760742
5004.101563 1783.500732 3096.071777 1783.467651
3154.061768 4241.108887 1315.567627 4241.206543
4417.994141 1470.442749 2547.601807 1470.817139
2709.058350 1544.452271 833.023621 1544.621826
4828.502441 3334.899170 2909.981445 3335.186523
4227.953125 908.539795 2362.083740 908.671753
4634.784668 2251.992920 2725.243896 2251.374023
4156.335938 1156.424438 2290.290771 1158.269653
3431.344482 4166.739746 1612.914673 4166.611816
4693.253906 1993.437744 2784.921143 1993.520264
4086.636475 319.952240 2206.666260 319.790039
4524.927246 4585.871582 2659.736084 4585.140625
4701.427734 2134.525391 2785.145264 2134.677246
3755.855713 1247.707520 1887.944824 1248.099731
2779.931396 1562.083252 902.086304 1562.223511
4778.607910 2411.168945 2870.274170 2411.053955
4242.663086 3713.215820 2404.034180 3713.156006
3783.742920 845.320068 1917.718872 845.365845
4967.292480 3185.272705 3022.647461 3184.907959
3950.285156 696.428528 2087.276367 696.560852
3569.225342 1319.915527 1693.942993 1320.060669
3318.805420 1158.201538 1446.417114 1157.864258
3942.219727 976.354248 2077.392334 976.817383
4746.820801 4161.892578 2863.355957 4161.634277
3352.793213 1773.082642 1463.274048 1772.898804
3304.337402 1346.572876 1418.155396 1346.863892
3139.910889 2822.751953 1081.427979 2822.899414
4340.406250 3737.143311 2510.397461 3736.944336
2352.578613 3021.821289 267.483765 3021.547852
4044.799316 704.570618 2180.606689 704.600525
2382.120605 73.279396 522.197693 73.196434
2484.879150 880.008850 617.167297 880.071838
3548.825439 2965.577637 1547.840820 2965.603516
2566.288818 2926.333252 494.614807 2926.092285
2606.966064 863.845032 738.846375 863.466980
4066.283203 808.961914 2201.592529 808.993835
2389.827393 3188.722900 331.272675 3188.781738
3058.821045 2955.517822 1012.654541 2955.520508
3605.144287 1491.053955 1725.736084 1491.618042
2618.989990 3136.016602 570.853577 3135.600830
3450.774902 1554.473755 1570.491821 1554.738159
4887.972656 3150.514160 2955.624268 3150.591309
3192.383545 2887.090820 1148.063599 2887.024414
3316.923584 4946.962402 1418.780884 4946.351074
4865.109375 2626.205566 2954.580566 2626.309082
2822.489746 3997.011719 965.588196 3996.979004
3261.055176 1410.158081 1378.640747 1410.574219
3968.174072 1162.445557 2093.492920 1162.332275
3013.513916 1517.366211 1130.949463 1518.331299
3965.251953 2895.183594 1982.071045 2895.330322
4453.356934 3629.229004 2568.286865 3629.037109
4180.865723 1128.515869 2314.883789 1128.710693
3147.735840 2071.754883 1243.363403 2072.070068
3307.729248 2988.289063 1271.365479 2987.966064
3332.491943 1728.907715 1442.931030 1729.179443
4794.822754 851.878113 2915.883057 851.944092
4750.061523 2630.427734 2850.609863 2630.597412
3931.492188 898.959290 2067.169922 899.429260
5067.520020 1092.105957 3188.302979 1092.150024
3339.494629 1466.153320 1457.502197 1467.529785
3439.691162 3428.076660 1498.687866 3428.289307
3061.415527 1550.955322 1180.686646 1551.171631
2381.900879 2794.929932 283.785614 2794.847168
3898.903320 553.023682 2035.167236 553.039185
2692.318848 1068.323608 820.109375 1068.357544
2314.228516 2957.574951 228.988434 2957.350586
3738.688477 1276.032471 1868.627441 1276.290527
4140.761230 3039.134277 2194.114014 3040.044434
2134.344971 3560.242432 98.538956 3559.895020
4701.640625 2069.968506 2793.143311 2068.688965
5040.154785 2902.810303 3107.010254 2902.780029
3227.308594 1383.824341 1343.311035 1386.686157
2504.058105 655.321594 640.797058 654.717834
4238.306641 3581.041992 2340.809326 3581.205078
4455.427734 3742.272461 2632.974121 3738.809570
3952.448975 2513.447266 2054.378418 2513.569336
3219.142090 4333.495605 1364.513428 4333.215332
3237.601563 863.103882 1368.640869 862.768677
3727.506348 4681.352539 1855.727051 4681.589844
4615.762207 4480.795410 2769.494385 4480.217773
2316.683105 2814.055420 217.790451 2813.887695
3889.597656 4208.614258 2074.392334 4208.767090
4574.338867 3517.584961 2671.692627 3519.959473
5033.779785 2738.316895 3112.729736 2738.169189
4929.287598 3062.048340 2996.948975 3061.845215
4886.620117 2383.513672 2980.143066 2384.288574
3647.266602 551.211853 1785.462646 551.221924
4939.121094 3346.297119 3017.428467 3346.191406
3012.181641 570.177429 1151.811157 567.876587
3837.731934 2502.584961 1939.063354 2502.784424
2890.342041 782.692688 1019.498840 782.598450
3731.430908 2794.467529 1741.247314 2794.556885
4966.724609 2995.322510 3034.083252 2994.881348
4661.915039 3706.254395 2811.783691 3705.997314
3759.564209 3766.765381 1915.496216 3766.699219
4556.860840 3735.543945 2716.493896 3735.271729
2423.636963 2804.682129 325.632141 2804.662354
3852.997314 3067.474609 1878.698853 3067.353516
2893.155273 1335.202759 1015.450806 1335.307007
2162.593506 1364.057861 287.768341 1364.468506
3875.711426 3474.984863 1974.232178 3474.887207
3887.125732 1177.886963 2011.726685 1178.131958
4759.391113 3142.416016 2850.277588 3142.488525
3683.474121 1424.429443 1809.880859 1424.573242
4167.381348 635.219177 2299.822021 635.115784
4995.475586 3141.551514 3049.856689 3141.496094
4364.586914 3688.843018 2512.706543 3688.643311
2854.286621 4407.717285 986.187073 4407.359863
4423.129883 1790.910645 2540.696289 1790.942505
4578.297852 3782.150146 2739.527832 3781.657959
2190.874023 2968.550537 105.764832 2968.160889
4854.548340 2096.748047 2935.869629 2097.026855
4809.069824 2621.928711 2898.560059 2622.513672
4115.089355 89.842186 2237.025146 89.713310
3829.041748 1361.009155 1960.361816 1361.324097
3779.969482 4839.935547 1907.530762 4839.228516
4809.441406 2579.364014 2898.872559 2579.305420
2259.668701 314.696503 400.335999 314.315979
4943.705078 1797.642212 3035.453369 1797.815430
3497.432373 4190.045410 1678.351440 4189.868164
4051.177734 1902.574585 2146.178467 1902.838379
4603.943359 2048.691895 2693.887695 2048.765381
4434.048828 1420.776733 2560.493896 1420.948975
3695.316895 1005.995850 1828.968018 1005.926636
4617.126465 1347.335449 2748.045898 1347.402100
3703.668701 3009.275635 1715.463501 3009.358154
2901.825195 1055.153687 1033.240601 1055.627319
3449.177979 2969.172607 1435.646484 2968.805420
4929.629395 755.485229 3053.737793 755.193359
3751.242676 3021.335449 1775.261475 3021.473633
4822.189941 3433.526611 2908.199463 3433.453613
2739.986328 2767.246338 654.896484 2767.179688
2190.586670 2873.900146 90.898659 2873.321777
4499.288086 2318.935547 2591.451416 2318.879395
4921.906250 3245.060791 2996.460449 3244.792236
2714.989014 435.819885 854.298523 435.608276
2764.729248 4402.987305 908.257263 4402.919922
4561.695313 3885.292725 2731.958008 3885.126465
2286.306641 1478.390015 401.943573 1478.684570
3745.946777 838.789734 1881.397461 838.915283
5018.266602 2782.765137 3097.489502 2782.727539
4169.237305 4034.517090 2348.304443 4034.280273
3356.429443 806.964661 1486.913696 807.093384
4630.552734 1975.559082 2720.915527 1975.778442
3961.119141 4349.301270 2107.822998 4348.815430
3126.428223 1075.518311 1258.910645 1075.620605
3543.902100 4174.385742 1726.827026 4174.545410
3752.000732 1784.671631 1876.196533 1785.128662
4106.484375 1348.774536 2236.636719 1349.030518
4444.642090 2249.054688 2536.729980 2249.377686
4625.188965 2543.757080 2719.998047 2543.892334
5008.434570 906.057556 3129.907715 905.927551
4827.705566 3747.106934 2968.701904 3746.856201
3619.104736 3044.818848 1625.771240 3045.275879
3772.833496 4925.178223 1906.050415 4924.640137
4176.857422 1153.949829 2310.732666 1153.886230
3940.399170 980.763489 2076.095703 981.013428
3848.841064 2479.921387 1951.467407 2479.744141
2540.518311 176.134537 681.808044 175.269775
4324.746094 3744.060059 2495.316162 3744.314941
4637.504883 3841.601563 2807.077637 3840.445557
4985.370117 2356.751709 3080.889893 2356.598389
3577.445801 1648.261108 1695.794189 1646.894531
3657.034912 3184.649414 1683.386475 3184.866211
3772.870117 4835.239746 1900.386597 4835.477539
4918.825684 3351.461426 3004.967529 3348.940186
2702.232178 2824.875244 620.903076 2826.610840
3326.689209 3817.903320 1478.634521 3816.574463
4736.330566 1302.494141 2862.638916 1302.493896
3272.765869 847.741638 1406.774536 847.874329
4248.351074 3577.232422 2350.847656 3576.990967
3767.910400 934.609680 1897.850586 934.575012
2679.533691 1041.313721 807.220642 1041.204712
2847.875732 2950.195313 800.612732 2949.753174
5064.011230 2669.983887 5097.198730 2669.933105
3941.401367 806.001526 2078.126709 805.952515
3462.528809 1303.519531 1582.476929 1303.405518
3185.489258 4408.679688 1320.809082 4408.352051
4095.127686 1112.369629 2229.801025 1112.422607
2194.805420 1360.728394 320.069550 1361.101929
4794.452148 3370.843018 2875.484863 3369.455322
3438.570068 1554.088135 1559.018677 1553.444458
3496.490479 3553.217773 1582.785645 3553.328613
4301.440430 4718.475586 2443.891113 4720.033203
4831.374023 3440.290527 2918.297363 3440.458008
4032.007568 693.752563 2168.144531 693.870850
2792.847656 985.749390 924.735107 985.441956
4793.553223 1965.978271 2870.060791 1965.719360
3183.902344 799.928040 1318.301025 799.632751
4578.116699 1737.451904 2699.051025 1738.959473
5026.316895 2746.652344 3105.423584 2746.934082
2479.476563 665.505554 616.126404 665.242798
4676.033691 2209.515137 2763.778076 2209.532471
4102.606934 4432.165527 2238.349854 4431.765625
4646.318359 4664.260254 2782.538330 4663.870117
3343.767090 4641.310547 1464.344849 4643.599609
4775.479980 2049.938477 2855.956543 2050.007568
4249.985840 1909.870850 2344.802979 1910.376099
2488.579590 3182.321045 430.634186 3181.948486
2536.831055 3564.533203 577.277222 3564.437012
4786.114258 1675.955322 2913.867920 1676.351440
3351.717041 4074.968750 1552.422241 4079.889648
4528.959961 4510.745117 2675.624756 4510.731934
3695.744141 1449.367798 1821.430542 1449.467041
2121.768555 3795.814941 186.919098 3795.583252
3369.850098 1483.468750 1484.176514 1481.623901
3192.662842 2082.161865 1289.905029 2082.514648
3798.514648 2967.532471 1822.518188 2967.633301
4608.687988 4887.580078 2729.660645 4887.786621
4821.337402 2744.322266 2911.327637 2744.177002
2750.986084 2232.525391 809.515686 2232.595459
2379.215576 734.112061 513.535767 733.862061
3713.852783 4182.227051 1896.627686 4182.500488
4103.243164 744.902649 2238.738037 744.618347
3688.293457 3001.073730 1698.829590 3000.839844
4526.869141 3336.031738 2627.748535 3337.324219
2517.000977 3992.864746 617.921021 3992.972412
5032.411133 4295.242676 3178.255371 4294.780762
4848.957031 3654.944580 2973.330078 3654.607666
3494.840088 824.391235 1629.010986 824.421265
4386.117188 375.273926 2508.126221 375.206879
4375.894531 607.715332 2505.494873 607.596191
