# Control Points File
# Left Image: F1.png
# Right Image: F2.png
# Format: Left_X Left_Y Right_X Right_Y
# Total Points: 192
# Generated Time: 2025-11-26 21:58:46

402.404236 218.512375 359.228027 218.506363
146.211411 226.218292 81.806458 226.282425
396.663208 229.448776 353.425262 229.350037
143.629532 215.881775 79.710716 215.973495
399.700287 119.233582 372.801636 119.356552
429.953308 202.513397 386.157349 202.491318
416.909790 100.067024 389.519440 100.137993
425.457245 168.029480 398.410736 168.035416
399.280243 138.340439 372.808533 138.248505
33.819481 174.058548 11.548841 174.265823
427.585297 151.465622 400.358582 151.270889
314.014160 330.519531 259.223297 329.187500
263.538605 331.395142 221.845490 330.967407
432.744629 183.874664 391.291199 183.834335
136.835403 201.962891 73.423553 202.156265
407.381500 129.175461 380.626068 129.115494
419.487457 201.659515 376.308929 201.643204
405.384094 103.460739 378.317413 103.373833
409.533203 208.197800 366.511810 208.189362
411.884857 157.625275 385.094513 157.611938
121.179848 113.927193 58.599926 114.232384
144.459702 114.012741 82.441139 114.052765
153.191299 238.304367 88.822189 238.389679
164.039368 232.703842 101.127716 232.804810
133.296082 143.263382 71.080841 143.024094
161.228012 244.642120 97.377037 244.728989
182.725204 355.178772 140.179581 355.170563
440.162140 270.653717 393.843933 270.665253
246.353699 17.081917 222.530563 16.898260
148.739960 168.974731 88.301338 169.268906
142.502960 80.378304 79.768387 80.483383
65.352417 317.680450 7.770390 317.706146
393.237976 345.275391 330.432495 345.310211
383.922455 230.628235 342.141266 230.671127
170.520493 21.879896 148.333466 21.883818
324.110382 53.777836 298.871216 53.859112
134.353851 14.159116 112.841141 14.161226
113.863770 142.089584 52.179310 142.260773
160.016953 355.908630 99.000290 355.956818
194.233368 15.626092 171.595505 15.627274
107.530113 24.528603 86.624313 24.529634
180.498581 22.147924 158.054794 22.155434
270.835236 20.950747 246.670670 20.977543
405.156952 297.262299 342.670349 297.218597
130.852570 304.794403 65.206497 304.912964
36.150597 135.439575 13.597755 136.308258
374.605499 337.788696 312.798706 337.856262
140.822723 340.521423 76.459183 340.534607
53.265644 11.559961 39.169987 11.606627
113.593925 304.868927 48.025032 304.977631
138.637604 192.025223 75.645554 192.073624
140.060989 122.856407 77.815308 123.000572
394.647705 304.443939 332.130981 304.390076
374.157410 125.754738 348.172882 125.839485
429.420105 40.486313 401.292816 40.535053
133.420609 355.588715 69.491295 355.578125
232.504684 10.823538 209.082306 11.005428
324.864227 326.591309 267.903076 326.571960
366.152649 83.227226 339.967407 83.282562
116.288551 358.046936 52.533745 358.017731
415.705170 48.267143 388.000061 48.282444
56.462154 52.563110 42.370277 52.627125
90.612488 25.252533 70.036339 25.345966
374.866150 39.537117 347.932648 39.250183
389.690094 85.873383 362.955597 85.850204
409.535004 260.685150 364.557739 260.642090
110.923698 7.375541 89.901505 7.412801
360.488312 91.635300 334.623352 91.674301
34.264477 12.801402 20.479685 12.862838
41.255703 84.517166 27.285130 84.592003
150.543976 14.189395 128.744446 14.217281
389.000824 132.737900 362.631805 132.699356
338.389587 346.569824 286.134857 349.081482
146.509857 66.556259 84.435562 66.720680
164.382736 346.645142 104.103104 346.699982
326.984009 41.292057 301.527374 41.376087
139.068405 102.984543 76.447830 103.091125
108.742790 125.321938 47.658623 125.422226
132.915405 88.101944 69.842911 88.213867
28.170002 37.067112 14.369761 37.151287
130.591751 21.923357 109.148132 21.965649
144.335083 94.575073 81.919205 94.674210
150.334137 352.432709 87.276253 352.433014
395.612183 10.763642 368.078430 10.760627
383.546906 10.718947 356.282135 10.739143
380.887024 239.628036 339.321533 239.583679
424.056458 31.330948 395.984497 31.320826
134.523148 325.570251 69.326889 325.562347
276.725586 328.792847 129.010117 327.833679
40.593250 51.415596 26.683632 51.484352
118.597160 89.790321 55.735744 89.884583
391.216095 272.524872 348.064087 272.607971
430.756165 65.093880 402.790833 65.097176
404.409180 151.067932 377.791748 151.111908
364.192841 116.750862 337.082336 115.884865
49.076515 45.210468 35.051342 45.223351
317.032440 308.901581 260.783966 308.849396
372.241791 22.302755 345.471405 22.324095
427.479065 211.737137 382.995636 211.757767
101.328583 189.940613 41.157665 189.313049
182.624496 341.343140 140.363647 341.024963
408.835236 79.777267 381.536865 79.769241
402.902679 71.710274 375.572937 71.722710
356.576721 27.180639 330.215607 27.277849
431.983673 23.802252 403.625885 23.805969
40.088898 68.970779 26.189661 69.046249
126.200333 133.018692 64.195602 133.401718
147.340591 127.424553 86.036507 127.895752
398.273560 46.956692 370.991425 47.016857
380.190674 326.797058 317.737152 326.794525
393.174133 59.100399 366.169922 59.177628
167.982330 300.355835 104.688782 300.367371
204.653641 358.988098 159.428375 359.040466
431.156830 90.648453 403.383881 90.633827
415.121063 343.535248 351.013458 343.571075
34.070293 156.026367 11.760842 155.612686
345.511353 28.420435 319.477081 28.419266
384.149536 98.037376 357.647552 97.951218
383.304077 68.267395 356.489044 68.322701
65.482567 264.000122 6.085365 264.083801
95.332527 291.110748 30.556887 291.125824
405.221161 359.859070 342.541504 359.930969
336.793945 300.090210 278.874054 300.118622
225.279068 358.845825 179.812897 358.866364
110.625000 317.685547 45.319061 317.732300
98.155701 267.676605 33.491535 267.922943
428.741058 335.222961 364.125122 335.331757
335.594269 25.882875 309.828003 25.928877
341.321289 322.291962 282.314301 322.321625
429.208069 223.308548 383.962616 223.239532
367.109528 100.928917 341.241486 100.961906
418.011658 60.096687 390.291260 60.106148
147.558197 139.992401 86.472679 136.769257
111.493805 265.538330 45.895889 265.486053
426.870758 53.964588 398.917358 53.992455
331.264282 342.770782 276.885895 343.414368
169.804169 272.225555 106.469360 272.275421
149.573166 178.466354 88.483124 178.371613
433.212006 359.905090 369.343933 360.031219
270.261414 8.274926 245.999786 8.350236
138.354492 168.733215 70.914124 168.703262
406.552002 61.437122 379.004608 61.445774
147.336136 313.089661 82.279701 313.199890
125.893059 243.530228 60.391911 243.674713
120.947479 269.709656 55.044342 269.830994
365.126709 16.282455 338.479126 16.373487
85.784248 270.591675 22.050230 270.664459
140.845322 298.404938 75.284554 298.441437
205.478302 335.666229 160.028595 335.648560
387.029663 51.507908 360.144409 51.537395
382.150604 348.728363 320.242828 348.773346
351.517883 291.792603 292.936035 291.778625
69.143623 236.404037 11.071567 236.406250
121.507332 154.899719 59.485146 154.635391
369.108154 348.733032 308.298584 348.775604
122.868423 335.430573 58.086689 335.345642
379.532196 253.439774 337.873779 253.158386
135.605453 269.570770 69.790024 269.637268
421.205933 283.465271 360.000946 283.362915
153.468979 264.707733 88.414978 264.819427
259.541870 357.813171 216.087952 357.779877
235.731232 357.834625 190.481735 357.762726
56.915905 340.650513 4.869195 339.861084
124.206696 259.121521 58.370003 259.211029
157.574203 326.514313 93.874657 326.548767
408.975861 336.783905 345.036255 336.802032
364.718079 286.473724 305.752228 286.507721
402.141632 95.335075 375.141418 95.317780
277.073425 82.960304 223.914932 83.064987
134.045807 250.776093 68.470146 250.858215
125.352486 287.563416 59.391922 287.699280
68.040619 338.493317 16.754042 337.985199
414.980408 223.363434 370.535461 223.363403
390.427826 220.147171 348.549835 220.115005
405.900696 244.145966 361.310455 244.100327
168.220886 225.899185 107.160522 225.714523
94.628891 357.983887 33.941559 358.255493
108.741928 168.934967 48.240768 169.252274
39.687012 21.821878 25.780910 21.862991
432.175537 243.417313 386.215332 243.386185
422.220001 36.538399 394.260010 36.565666
415.979065 13.439692 387.981354 13.448646
145.544922 346.287659 81.785835 346.334534
388.317413 17.103222 360.970978 17.159451
137.376648 277.535736 71.591743 277.649902
221.976395 336.578186 176.622009 336.617554
322.558014 22.440592 296.974396 22.465401
279.655853 353.329376 255.328033 351.857513
141.721680 207.062286 78.266205 207.201141
131.377914 132.601990 69.339027 131.862000
139.415894 54.495850 77.784416 54.420151
327.489380 294.768738 270.972534 294.717865
