# Control Points File
# Left Image: G1.png
# Right Image: G2.png
# Format: Left_X Left_Y Right_X Right_Y
# Total Points: 314
# Generated Time: 2025-11-26 21:59:07

117.175217 47.132324 61.611107 47.625626
241.655731 238.396164 186.129883 236.112656
247.048767 213.468292 192.495972 213.659088
62.615009 63.878632 25.245085 63.986038
92.559784 294.290009 35.046932 295.062225
45.566086 86.650558 5.652619 86.708740
106.475487 240.815948 58.213833 240.771606
51.341545 46.463779 14.946408 46.618076
143.932510 244.356888 91.237160 244.467377
174.463440 247.458939 119.063713 247.384018
248.064240 203.054550 195.059814 203.249420
255.356598 146.401550 203.332611 146.498764
67.158150 285.582947 19.335371 285.647797
66.503197 78.019135 27.285610 78.104683
325.371124 291.897552 256.402618 291.917267
185.244308 315.308289 122.429001 315.298309
126.696404 147.843323 68.839348 147.931076
65.055588 44.142124 28.617769 44.149158
177.277344 161.878006 120.973816 161.896240
282.478027 113.761032 236.560638 113.678284
126.723450 201.904053 71.386452 201.955536
145.610062 186.963562 89.524712 187.010254
67.120934 154.107040 8.137269 154.221283
286.718353 41.789520 238.030746 41.851738
85.624214 273.154663 38.024487 273.309967
68.437653 297.888947 20.122761 297.936218
273.913300 87.901436 223.666153 87.933228
213.973587 221.638016 157.345123 221.713257
93.205940 81.017052 35.567295 81.302444
70.753517 210.407532 23.125744 210.531906
198.978668 346.425354 137.113724 346.524017
200.895844 112.872734 145.458984 112.874039
254.888275 161.545303 203.032837 161.624283
302.344879 290.000854 235.348175 290.038757
259.979980 31.452017 208.656708 31.479538
161.954865 185.178421 105.905701 185.269333
227.631836 15.610733 177.233383 15.654408
383.447021 308.699097 311.817902 308.707733
193.145050 315.069061 130.871185 315.064240
222.497635 35.254223 171.174179 35.347878
196.770828 212.830109 138.792343 213.022537
350.593872 293.805298 280.294006 293.937195
198.552017 224.464035 138.727890 224.510880
238.529495 252.342392 181.436859 252.371857
257.560089 232.928223 201.429123 232.916885
354.433533 355.752716 281.051575 355.766296
255.982315 171.259354 204.190414 171.608810
186.129745 112.588837 130.160965 112.631119
180.630905 168.706314 124.537231 168.722977
74.521286 282.174500 26.824125 282.244690
193.354874 123.851242 137.222061 123.928314
244.831497 261.129242 187.976135 261.160431
111.288757 88.690620 53.078697 88.784737
399.276062 183.171829 334.752747 183.127869
85.983482 159.157455 27.500191 159.258118
238.603622 33.287315 187.428635 33.299038
109.603134 193.113693 53.514755 193.166962
57.481716 192.361725 10.425803 192.458069
395.864349 241.972198 326.934692 241.933029
394.286530 256.370819 324.339783 256.344269
204.282028 96.573380 149.594360 96.573853
203.913300 217.095078 145.369232 217.064041
411.057251 309.227356 338.045990 309.369415
288.624084 154.612305 235.845764 154.619354
212.702866 75.229347 159.272293 75.264610
161.624832 293.015015 96.545517 293.313995
403.424622 349.265869 329.117859 349.325745
240.441803 191.290344 189.328461 191.267487
397.735870 211.322952 330.819702 211.294632
401.874603 315.041901 329.416779 315.151276
56.186352 307.410675 7.493952 307.398468
173.380402 60.287342 118.825951 60.310764
379.304749 93.368240 335.999359 93.302345
397.228607 38.137589 364.814178 38.148239
351.985535 13.085311 318.096954 13.119102
332.136078 314.059570 261.587769 314.001556
251.894012 247.964294 195.259689 248.016525
92.506195 18.592779 72.154129 18.695805
203.321320 305.112579 141.321091 305.093018
408.323090 331.300385 335.098297 331.358704
282.826660 297.121948 217.002151 297.128632
307.510376 81.196106 272.168823 81.251534
330.571533 251.054092 263.188782 250.975433
165.834702 50.072735 110.860481 50.144920
322.510712 282.013916 252.840256 282.033661
59.942562 252.316620 11.246531 252.394104
89.745079 33.458599 56.729404 33.479485
408.532867 208.170380 341.770233 208.131531
397.798157 17.655066 365.889679 17.601135
62.138821 351.305511 12.352917 351.202759
392.125427 287.112000 319.427185 287.125427
74.382210 218.738693 27.076981 218.884155
299.661377 142.210922 249.513901 142.158310
278.214966 227.594055 217.074646 227.563278
113.671883 66.311821 56.235146 66.424698
221.263763 287.691589 159.519012 287.720551
325.570313 267.149353 256.973846 267.138702
294.769104 295.010590 228.432999 294.998383
67.573082 132.229156 7.738725 132.307297
129.725479 341.009460 61.970295 341.145477
275.897980 338.283997 208.369385 338.287140
156.046051 233.900955 100.943665 233.964661
371.022278 294.826050 299.233093 294.621704
204.739426 318.367493 143.191071 318.420410
217.579041 200.128342 167.215408 200.223007
401.746063 71.212799 368.114532 71.185379
419.069000 145.033249 371.362213 144.922882
315.727844 90.453979 279.858002 90.449265
379.646423 9.397017 348.066742 9.339810
328.382599 188.658936 266.337860 188.663605
399.046204 50.201065 366.207855 50.137947
384.640045 105.364487 340.607361 105.349258
386.915985 62.367317 353.275421 62.328773
263.208008 357.605743 194.093033 357.609344
168.274414 175.912308 112.074715 175.983017
300.065674 59.565727 265.867218 59.513165
404.714081 11.071315 372.574158 11.000086
351.641266 83.507507 314.033630 83.590942
111.767639 283.592072 51.761635 283.504639
276.724304 318.560089 209.516602 318.525482
288.572998 177.216461 232.100891 177.185745
207.323990 200.825989 154.904434 200.989288
226.164658 74.636833 172.847534 74.669907
175.903214 46.648006 121.562225 46.699421
287.855469 54.305080 239.565643 53.802254
232.796921 48.244499 180.905045 48.251923
173.548660 112.373024 117.169823 112.444122
343.594879 111.509705 306.102203 111.516953
330.984985 207.839783 266.879547 207.799011
107.924545 31.271774 77.407135 31.277216
354.285431 94.896080 316.424255 94.883827
152.141800 279.939117 86.271660 279.974091
87.430504 46.167225 51.572983 46.223507
170.488174 268.573242 105.633804 268.584930
285.731049 166.516556 230.408463 166.566193
416.775391 251.668762 346.534210 251.666656
261.736115 317.365143 195.529709 317.397156
216.998642 235.710327 158.102600 235.600128
151.706772 54.564285 95.682228 54.640682
400.224701 130.958939 354.552460 130.838379
312.795105 326.206512 243.241257 326.146271
339.408752 67.823006 302.896759 67.853592
336.432037 263.454010 267.599243 263.421234
370.640961 183.222839 306.429443 183.207306
392.161133 114.957840 347.333893 114.879128
299.425629 246.382385 234.730545 246.391907
379.095642 324.969818 306.835266 325.006958
314.998993 50.745853 280.254974 50.864777
388.287964 204.969498 322.151215 204.930191
327.169067 58.397175 291.521606 58.492504
172.379837 185.716705 116.593964 185.744507
247.216492 274.367676 189.411041 274.403381
402.461945 122.117050 356.758545 122.084206
378.845001 238.451828 310.549225 238.430084
200.111359 324.281952 138.357162 324.298706
380.028961 48.653801 346.649048 48.644886
374.568909 31.659353 341.682617 31.654240
339.232483 297.767609 269.522888 297.782043
373.548676 355.170502 299.620941 355.205627
122.831825 243.480896 72.979340 243.353088
68.854691 9.289311 48.381317 9.343058
384.140839 25.785378 352.055328 25.715307
342.557526 31.817167 304.071564 31.864292
325.785889 354.212250 253.129593 354.215546
356.895050 24.082880 322.932831 24.047680
161.856537 283.047852 96.452377 283.176331
305.486511 150.448853 254.616043 150.475388
405.013733 232.574203 336.344849 232.549469
411.281677 99.501030 376.538483 99.384796
161.205292 245.172028 106.695892 245.305084
321.243439 341.169159 249.970917 341.190155
337.166718 289.331390 267.226715 289.421509
317.305359 34.761265 282.447662 34.815186
134.541061 361.282684 69.107483 361.196106
247.919785 7.808711 198.195969 7.803633
296.929443 322.176270 228.285141 322.273438
359.332428 275.483398 288.535767 275.462372
236.081696 173.737350 182.259186 173.757217
305.153595 334.969147 235.736786 334.975983
366.914490 350.764191 293.212708 350.806702
362.353088 242.122498 293.900208 242.116028
255.130234 82.896072 201.545624 82.904236
309.249695 359.063385 238.504013 359.062805
298.492462 158.822510 245.748993 158.833160
302.125641 355.486786 232.170868 355.446350
35.211475 21.900887 9.883940 21.999557
388.050049 246.573990 319.046417 246.541550
182.139679 76.031837 127.905571 76.101257
398.400757 327.503571 325.709869 327.619843
396.670288 335.810852 323.565216 335.835358
256.519440 346.758514 188.818314 346.741180
248.839478 349.595062 180.958664 349.559784
301.608948 68.423759 267.061493 68.478745
313.690430 346.315094 242.878464 346.355499
351.705078 185.490326 288.267120 185.459686
310.715515 184.726105 251.114105 184.653595
376.390747 279.730103 304.447906 279.750214
269.108704 325.718658 202.321625 325.756683
344.252655 274.861603 274.088989 274.814758
84.947701 187.468811 28.754599 187.505722
137.381851 334.737152 68.296982 334.828156
280.284027 274.836700 214.268372 274.773895
386.538635 360.828949 312.302673 360.868744
313.899628 258.641083 246.645798 258.635040
161.132065 332.307556 89.946953 332.201355
191.714630 303.426849 128.935104 303.502899
287.141357 349.348511 218.473999 349.386780
400.506836 85.560249 366.317047 85.554207
398.999878 59.151608 365.873718 59.086407
154.362671 155.981491 97.362175 156.040283
258.370972 201.710052 203.976181 201.347885
138.748306 138.166183 81.006927 138.265305
161.088348 98.488586 105.015556 98.569824
198.961411 278.507904 134.892410 278.523743
409.979919 141.946991 363.065643 141.781311
244.414093 88.382050 190.586395 88.447853
417.806854 299.660553 344.230103 299.656372
415.809723 221.512589 347.910767 221.461792
359.111420 56.130970 318.506927 56.103657
363.747742 268.226501 293.384216 268.133972
173.407623 127.129776 116.777901 127.227951
75.894325 133.128372 16.530085 133.220078
363.476318 192.521606 298.855560 192.546539
387.663361 185.705994 322.979980 185.638336
413.682587 239.573776 344.398193 239.517365
310.950958 313.565918 241.986679 313.529388
284.781372 238.782394 222.012451 238.761414
411.367798 79.921867 377.225067 79.846397
102.219780 90.218361 43.906994 90.367989
382.400146 333.075409 309.542725 333.105804
70.607864 120.428513 11.079232 120.553688
239.830231 13.437855 189.795120 13.432611
308.472626 277.610840 240.113785 277.591949
43.382343 35.986828 10.716394 35.957523
311.439148 237.196655 246.913712 237.190765
313.411621 264.625824 245.606201 264.710388
89.262207 250.061768 42.642292 250.227783
152.462418 44.334118 96.464737 44.419964
418.603912 348.229492 344.258667 348.413574
146.027145 211.512650 93.873238 211.581192
368.309631 165.082550 307.251404 165.090439
384.742493 35.913147 352.295685 35.875004
196.556046 288.190369 131.565079 288.148895
336.290192 277.984314 266.247040 277.969818
309.860962 212.076797 247.709564 212.074081
238.980225 139.646286 185.319290 139.658646
293.591827 253.784531 228.160095 253.805557
211.922501 117.336937 156.558456 117.481857
212.046585 334.478943 150.812866 334.459442
344.800079 42.744907 305.638123 42.725700
103.563736 6.896804 84.444206 6.895485
224.935486 26.671900 174.160919 26.691921
314.452759 59.915573 279.572144 59.936569
390.547180 49.243603 357.724304 49.199608
372.602570 347.137909 298.749573 347.197327
361.857513 284.682617 290.037170 284.705994
261.758850 61.106785 209.217239 61.112869
197.776276 338.555756 135.772644 338.585907
54.167923 222.694046 5.204865 222.797989
76.864220 271.495117 29.450850 271.753998
177.081223 308.012970 113.460106 308.043884
297.804230 310.706238 229.730667 310.710999
322.794952 175.380371 265.859222 175.426102
222.988953 186.981339 169.487595 186.921371
74.321198 142.264328 15.072976 142.325119
339.171326 325.574554 267.849335 325.572235
144.273697 55.853207 87.862564 55.983448
216.520996 98.598045 161.844620 98.662369
199.761734 261.509918 136.063828 261.647980
251.419510 39.975868 199.794815 39.968678
210.164017 30.107445 158.380249 30.218769
136.874924 152.770508 79.386040 152.765610
142.309891 117.453857 84.584175 117.593643
84.726212 120.218796 25.318794 120.391678
132.178879 317.874390 66.913841 317.857635
278.809845 40.868126 228.613495 40.810101
251.499130 136.518051 199.054947 136.509109
148.077850 161.888931 91.066078 161.987579
92.607445 167.886826 34.757847 167.991409
189.729919 66.765945 136.246475 66.817055
151.228836 295.455597 83.788460 295.476929
270.011597 97.935944 220.369949 97.970467
298.024078 100.616837 258.808472 100.833244
314.249390 125.449814 271.831207 125.885605
61.489422 276.530731 13.704561 276.607056
270.507263 295.330658 205.518173 295.258423
332.464905 331.051331 260.820831 331.059723
399.131805 197.405457 333.357513 197.377182
332.218079 236.115814 265.774658 236.139938
256.902496 121.268974 204.216934 121.279747
254.364166 264.798706 196.976395 264.807800
368.071136 103.563515 328.006500 103.629463
394.809143 217.680573 327.423309 217.657593
180.482635 22.304615 126.272087 22.378851
374.788666 76.107986 332.570831 76.081520
137.652817 223.725830 87.377266 223.294754
285.379395 201.220764 226.632675 201.208206
386.342621 348.943359 312.108551 349.069458
207.271637 169.851944 151.909592 169.840027
375.419006 264.739624 304.912628 264.626862
300.992798 328.668488 232.016068 328.687683
147.886612 135.909912 90.415321 135.958038
262.219482 69.810249 209.437210 69.813522
113.988091 117.864998 55.763580 117.977531
363.642273 213.115112 297.573578 212.989426
323.142090 145.795670 275.507660 145.742096
209.039963 53.046406 156.713058 53.067078
287.431519 311.849915 219.917160 311.902222
236.205307 39.612865 184.804138 39.644375
152.742859 70.466026 96.864243 70.501915
336.150055 347.326538 263.539886 347.394958
355.092468 152.440186 298.677521 152.399933
339.955536 59.729908 303.042877 59.847221
384.214874 264.411163 313.686615 264.407623
