# Control Points File
# Left Image: l.jpg
# Right Image: r.jpg
# Format: Left_X Left_Y Right_X Right_Y
# Total Points: 950
# Generated Time: 2025-11-26 10:04:15

554.558411 952.382935 434.513672 915.213806
597.369202 928.713379 476.732819 891.871460
411.860748 1062.958130 294.053925 1024.071411
258.813110 874.536926 143.495193 838.833923
623.408142 790.686890 502.152771 755.450317
718.594543 1020.849182 596.186157 982.674316
673.115173 923.592590 551.600952 886.763855
710.093872 597.666199 587.521179 563.931213
715.391235 902.798950 593.602112 866.283752
546.599182 353.080841 424.899689 321.092926
669.554382 937.300598 547.959839 900.409180
481.392303 862.187195 361.741913 826.275391
370.604126 452.580231 250.284912 420.495636
570.362854 858.347717 449.378784 822.347595
732.369934 1020.645081 609.942871 982.424744
585.886230 873.593384 465.361084 837.353699
466.914673 1106.250244 349.078369 1066.857178
673.112854 1112.357056 551.416199 1072.785400
270.399261 281.567841 151.476227 250.904663
479.684967 847.537842 359.983368 811.844055
569.418823 729.951355 448.575073 695.389099
685.925232 1100.058350 563.987732 1060.661865
397.586517 924.661865 279.625275 888.156494
491.476135 844.006165 371.936737 808.252258
347.532074 1041.217407 231.375107 1002.848938
247.624634 634.277039 130.700043 601.246216
291.831238 490.910889 172.712097 458.975372
546.388855 888.784180 425.692657 852.194031
260.052032 286.678925 141.207825 256.098175
355.267853 483.999664 236.312393 451.833710
352.081512 883.475342 235.184402 847.315857
620.293579 811.218689 499.182129 775.774475
328.629303 1042.594849 213.130341 1004.159424
670.122559 613.394348 547.866394 579.676758
658.947388 1075.057373 537.418396 1036.096680
655.524414 934.682739 534.171570 897.721558
244.679016 877.925720 129.814133 842.100281
672.488220 627.080139 550.198364 593.233459
350.288971 929.867737 232.988815 893.341919
497.102203 882.379761 377.976166 846.225525
121.165970 784.381592 7.868314 749.732117
271.573914 290.521393 152.639252 259.782990
160.127106 341.288666 42.840820 310.752167
417.052521 903.090576 298.938629 866.631348
136.715759 1147.890991 24.417696 1107.510620
393.002716 943.163757 275.765503 905.906494
240.652023 904.370239 125.681633 867.907532
319.442230 924.567078 203.190659 887.899536
293.642242 946.143494 177.681274 909.338013
529.119751 480.696777 407.727905 448.269379
300.157288 869.680664 183.825027 834.019470
434.500580 739.443176 315.766602 705.141663
447.967804 738.238525 329.089203 703.923279
351.725494 1068.833496 235.760422 1030.107300
517.012512 1155.893921 398.200073 1115.528198
384.666351 1064.793579 267.509918 1025.999512
453.988586 587.561096 334.397491 554.572510
620.686951 622.976807 499.199768 589.228760
125.711868 218.760040 8.125084 188.871994
255.835434 1052.914307 141.010574 1014.368713
423.242706 1061.876953 305.494904 1022.989319
483.955322 562.882141 363.754150 529.984375
335.182617 1015.828125 218.168976 977.697815
304.858429 893.171143 188.179153 857.098694
283.546478 838.577881 167.413727 803.274170
270.572632 1051.969971 155.400101 1013.396057
445.466461 761.832947 326.700226 727.378723
302.125977 219.318085 182.416016 188.693878
292.432617 911.711853 176.902618 890.643921
363.190399 928.044067 245.849899 891.428223
512.047058 601.987854 391.636749 568.742798
230.752792 770.716919 115.062744 736.220642
339.071350 681.876831 221.619751 648.261108
343.312073 888.387817 226.458130 852.380188
712.830078 970.582275 591.224426 933.147400
260.139618 936.082886 145.267578 899.435120
738.309387 79.201729 614.628235 46.581093
547.488342 846.390564 426.934692 810.713623
666.769592 796.515991 545.174500 761.201416
128.026733 964.831360 15.285269 927.726624
337.964325 175.827454 217.378418 145.087280
523.225891 423.059601 402.028992 390.799835
291.134216 978.510254 175.493515 940.964539
229.286789 797.929688 114.028687 763.119812
443.691711 822.988403 325.168976 787.679688
290.450439 1056.376221 175.792221 1017.826355
267.006653 1068.156006 152.036057 1029.344482
422.576935 1118.636475 305.213776 1078.987305
267.602783 142.819046 147.739288 112.488571
697.547485 904.445007 575.924866 867.933960
215.300858 465.199799 98.231750 433.774261
220.346268 157.615952 100.814438 127.440460
339.980927 503.631165 220.297775 471.464722
352.475250 602.364319 234.295181 569.461487
541.726257 778.556580 420.606232 743.435547
248.092575 889.600342 132.931320 853.668945
146.926544 594.859314 31.703724 562.448975
601.317810 874.292969 480.711761 838.141602
564.015381 330.181152 442.196564 298.200134
378.060577 269.374023 257.546997 238.236069
316.650391 533.781128 197.939926 501.455261
443.452179 977.269897 325.620697 939.919922
378.101532 1108.656372 261.340942 1069.163696
658.651367 906.398376 537.204041 869.825073
520.358582 973.101074 401.387024 935.704224
470.966248 866.114624 351.550171 830.127563
378.939911 438.245697 258.723145 406.510864
691.780457 768.770203 570.173279 733.781067
215.076096 71.094208 95.350082 41.004562
164.453400 958.049133 50.889362 921.129883
237.323227 815.559265 122.105713 780.627930
738.413513 883.141052 616.274109 846.877869
751.739014 1056.310425 629.194885 1017.600769
316.558228 906.427856 200.038696 870.077820
699.223633 988.280762 577.510986 950.657593
515.308105 498.623016 394.397400 466.028259
414.236023 893.364380 296.662506 857.263611
443.591675 804.812317 325.111450 769.770569
548.159912 402.341888 426.318756 370.048187
200.969360 429.283142 83.834908 398.115265
603.456116 1096.151489 483.373627 1056.786743
330.153595 827.123169 213.525238 791.825134
540.818298 1112.107422 421.266235 1072.375000
490.818237 254.208527 369.302460 222.760941
755.101563 433.398590 632.004272 400.365875
534.633362 573.395691 413.791687 540.245056
647.713074 616.911682 525.698120 583.272583
512.775085 741.140869 393.098419 706.659485
568.115784 900.664001 447.221985 864.001648
478.044983 1099.915161 359.068695 1060.463257
472.593140 882.391663 353.101135 846.299500
228.253983 597.806030 111.804550 565.179016
671.721680 821.025146 550.019287 785.388977
615.650879 1037.459839 495.528046 999.208313
616.858154 906.183716 496.154205 869.585999
396.684387 964.971802 278.663666 927.659058
321.751190 497.557190 202.915146 465.301178
256.104248 750.784485 140.262573 716.540466
690.693420 546.234070 568.072021 512.865173
132.763901 784.476257 19.192190 750.051208
551.058044 425.628510 429.689423 393.299469
239.874863 759.281372 124.299530 724.987183
302.974701 208.657883 182.996536 178.093506
295.973663 859.901367 180.061569 824.298462
604.817261 532.103760 483.193268 499.142883
327.075714 1108.718994 211.983734 1069.002075
333.374329 57.608814 212.366333 26.955839
441.432007 783.144836 322.794952 748.438049
423.374298 924.538757 305.377563 887.743286
551.981201 968.677612 432.128815 931.341064
576.521423 386.760101 454.874237 354.598969
168.016373 1086.326050 55.661983 1047.253052
132.618668 482.404114 16.489527 450.923676
567.131653 1088.218872 447.741394 1049.080933
488.684326 1103.341187 369.657990 1063.844604
737.858826 1123.857422 616.348938 1084.273315
672.049866 960.694458 550.419495 923.360779
155.712219 973.615540 42.415455 936.315918
493.151581 859.532043 373.593445 823.633301
229.961823 500.386139 112.876183 468.651031
581.773071 770.717773 460.844238 735.742493
213.170746 730.443909 97.449852 696.612305
255.687820 1073.622437 141.209106 1034.715454
485.263489 591.330444 364.982758 558.181213
531.332581 584.144226 410.620483 550.941284
219.182449 903.987061 104.656937 867.806702
609.696289 959.601196 488.693115 922.336609
343.490021 846.894043 226.628418 811.426270
152.153198 1017.294434 39.108509 979.352783
142.391876 173.187653 24.119118 143.342941
333.302887 937.537170 216.754990 900.851563
401.139252 574.086609 282.180969 541.405090
494.523315 552.415771 373.988556 519.581177
496.428619 640.592346 376.445129 607.031616
208.296326 592.137573 92.146019 559.667419
449.983978 455.455505 329.587616 423.343903
518.502197 335.548981 397.230103 303.787537
488.160400 654.911194 368.489410 621.310669
403.908752 1042.967407 285.885132 1004.435547
414.277008 456.033966 294.421936 424.010681
490.069000 1076.693481 371.612152 1037.705566
265.066528 884.817078 149.483505 848.901306
584.457825 1082.838501 464.490997 1043.779053
414.236877 796.075195 296.158203 761.108582
381.152283 1121.104248 264.714508 1081.398438
328.778503 514.124146 209.864182 481.901062
566.508301 493.625793 444.972595 460.945770
732.328003 236.231400 608.938293 203.727768
557.399963 917.845276 436.449554 880.940247
432.356934 760.234680 313.950104 725.514709
491.150604 1049.255493 372.735046 1010.745789
215.348999 711.345642 99.571487 677.855469
642.964661 1074.474976 521.365234 1035.403931
483.973541 1138.456665 365.031036 1098.308228
343.418518 488.718933 223.980042 456.635132
305.564270 853.266663 189.185486 817.566711
539.929932 337.377899 418.388672 305.521301
565.207458 614.071655 444.288116 580.486938
212.586273 849.161743 98.074585 813.793945
335.497406 1089.936646 219.122162 1050.744507
546.215759 902.571777 425.570587 865.992920
666.871216 901.714172 545.389282 865.107727
429.083069 796.138367 309.928986 761.118408
429.411194 1075.661255 311.412537 1036.577515
520.304016 1108.247559 400.910400 1068.721680
305.854767 505.281097 187.123734 473.350830
724.092224 836.710815 601.936768 800.957031
694.299438 175.523621 571.107727 143.203522
208.782684 937.073486 94.849594 900.479065
424.867432 420.063324 304.533020 388.036194
553.103638 447.182953 431.712311 414.736359
672.232239 851.064148 550.531433 815.096191
398.855103 420.473938 278.942352 388.655670
412.812927 258.218201 292.035767 226.961243
317.859741 606.745911 200.257889 573.891968
410.763550 830.061462 292.924194 794.745728
643.986023 982.962830 522.941406 945.459290
648.515259 807.114258 527.379639 771.755432
653.210571 898.508972 531.845581 862.032227
375.508514 993.516968 257.759766 955.852356
413.577118 93.562988 292.061066 62.478714
503.810760 1070.160889 385.458252 1031.326050
381.001190 559.138794 262.258362 526.490723
361.514618 847.358643 244.475418 811.822998
535.267517 744.186646 415.028870 709.580505
378.277710 1045.377930 261.664917 1006.962158
609.440613 723.464600 487.802368 688.978333
758.538513 1097.630371 636.708008 1058.382324
436.218475 774.560608 317.870209 739.880371
241.232651 952.458374 126.901718 915.572510
591.348328 811.151550 470.428131 775.758484
601.429565 728.759888 480.185638 694.203430
288.528961 233.838608 168.913742 203.237366
596.602844 1043.853394 476.958191 1005.538513
681.979309 778.818420 560.214722 743.667542
255.771423 762.011047 140.006851 727.647095
753.732422 1127.036743 631.476135 1087.347168
125.628456 1063.426636 13.379212 1024.801880
416.436096 1016.113342 299.526031 978.199402
491.613068 538.414124 371.193390 505.756866
543.252319 485.402954 422.162445 452.887543
571.914795 990.280151 452.199707 952.232666
496.335266 701.979004 376.614594 668.000488
175.798050 965.202393 62.538940 928.134949
219.673370 337.419250 101.827988 306.663544
755.205811 908.096436 632.972534 871.524353
528.956116 470.651184 408.013641 438.194244
194.178711 1020.300598 80.932564 982.313049
341.147766 231.083847 220.993576 200.264481
159.590164 650.394226 44.202148 617.423462
337.951691 217.402023 217.820175 186.623138
404.892426 815.847900 287.056732 780.874146
119.629860 954.869995 7.055802 917.981140
626.319580 975.733215 504.869385 938.142456
119.743538 940.981140 7.119793 904.360657
573.422546 599.626892 452.420532 566.274963
503.490509 308.949982 382.071747 277.333923
217.258224 942.509827 103.077019 905.717224
229.731400 1087.396484 115.552032 1048.256836
613.471130 922.883667 492.666748 886.180969
321.949341 273.695038 202.209320 242.832916
654.103577 1106.685547 533.563293 1067.322632
704.442993 962.423706 582.755249 925.143372
621.025024 1147.134155 500.733307 1107.043091
628.190491 833.451904 507.534912 797.827881
579.924255 819.869141 458.950592 784.373779
539.764160 1082.586792 420.914368 1043.588867
582.127502 1135.358398 462.161163 1095.386841
141.712082 921.458008 28.948221 885.142029
169.814560 583.722290 54.136684 551.366333
741.518433 983.447144 619.355591 945.863647
733.859985 625.835449 611.005798 591.811157
436.164001 1001.375061 318.770935 963.642883
677.149414 804.853394 555.439026 769.277161
618.290955 877.513550 497.415070 841.243408
714.470215 1151.850098 593.199463 1111.812622
214.305359 669.356567 98.481491 636.061340
230.132431 674.887512 113.837173 641.415833
417.273987 577.599365 298.023529 544.786011
323.936707 911.279236 207.876999 874.875122
742.984497 1075.671753 620.579041 1036.340454
402.146606 143.223770 280.819763 112.202919
168.551468 643.681519 53.408520 610.832886
350.887390 1089.780151 235.005936 1050.518921
394.645599 1016.584229 278.044403 978.585388
428.823730 197.571640 307.783020 166.317749
611.885132 845.122986 490.849518 809.327881
409.248383 436.719360 289.426636 404.819885
464.245209 569.113892 344.517975 536.203003
528.971313 1087.340576 409.518799 1048.143799
195.562683 93.416138 76.208427 63.445179
430.146820 1131.654297 313.246429 1091.782593
617.442261 1128.327881 496.919434 1088.479980
477.722351 541.119141 357.539398 508.267883
305.035065 229.873688 185.188599 199.180496
583.880981 915.746765 463.165253 879.011719
302.936371 1056.075562 187.984390 1017.549500
518.218445 796.932068 399.043091 761.793701
375.020813 766.184937 257.136230 731.606018
522.707642 599.949646 402.133057 566.620117
309.291809 957.282654 192.619812 920.130005
624.107910 898.711365 503.083618 862.372620
231.516708 85.110298 111.934631 54.838108
503.847321 752.340637 384.601593 717.711975
653.025085 882.442383 531.493225 846.197388
166.310501 755.805664 51.883797 721.624451
488.998260 577.711243 368.715729 544.624451
548.342407 745.106445 427.946136 710.574036
647.507874 969.740784 526.126831 932.179321
575.546021 618.774048 454.554474 585.212891
549.039063 1103.452637 430.229370 1064.111816
633.027222 582.460754 511.185608 549.038208
514.050659 771.456970 394.697693 736.731384
401.705597 194.445236 280.447906 163.264938
648.085999 833.156433 526.788635 797.489319
152.468185 561.369629 37.138535 529.292236
682.182190 878.247864 560.708374 842.061096
597.314331 1086.626709 477.154938 1047.490479
704.716370 557.116943 582.018372 523.585449
664.985107 1104.034058 543.731201 1064.456299
455.919312 912.483459 336.724274 875.931152
397.147491 209.598404 276.345093 178.583939
451.468384 991.585571 332.695923 953.715942
438.345306 217.014069 317.149689 185.745239
424.592560 215.639481 303.316711 184.276337
456.016785 650.082397 336.730652 616.567200
724.588257 1055.373901 602.114319 1016.687256
534.215088 1065.406616 415.386230 1026.584961
554.471008 595.372620 433.305756 561.950989
401.854675 493.958038 281.486511 461.748810
449.040070 559.297729 328.293701 526.402832
262.701904 76.481247 142.523544 46.220852
515.715149 301.396118 394.373688 269.702637
606.373962 810.807190 485.363129 775.392944
572.910767 1097.378174 453.476013 1058.057617
576.821289 366.727875 454.979492 334.531952
191.220612 742.540222 76.481209 708.584290
607.470398 773.007263 486.105713 737.984131
430.899811 495.220032 310.873505 462.759705
174.081573 748.141113 59.502621 714.191589
566.845764 800.563660 446.599579 765.329041
570.963867 548.122742 449.815765 515.112244
350.111206 181.417923 229.592865 150.547928
540.150818 634.473572 419.992401 600.960999
414.485626 193.234650 293.177521 162.059296
544.306763 443.003815 422.976227 410.585449
379.613403 247.562729 259.045715 216.515625
328.971100 922.774353 212.950058 886.303894
743.961426 841.404785 621.129150 805.430969
193.549713 792.084900 79.009094 757.165100
470.950592 1147.829834 353.489166 1107.760132
714.277222 831.601074 592.131714 795.947449
375.308655 499.243500 255.580185 466.854645
734.178284 898.494629 612.191895 861.979431
585.072205 856.353821 463.891754 820.203186
575.531982 456.114594 453.831055 423.495331
470.257751 321.811707 349.258301 290.268005
222.440094 996.798218 108.818733 959.284363
502.610962 1058.852173 384.257507 1020.237244
680.797791 868.306335 559.379944 832.217834
607.139099 375.937286 485.212677 343.582062
697.184814 851.316772 575.518066 815.359924
132.211304 676.935364 17.880777 643.733459
719.116577 578.895874 596.459961 545.172729
135.207733 577.783142 19.893723 545.676086
687.663574 801.311523 565.881836 765.830872
414.585907 208.082626 293.593689 176.864944
386.594269 964.870544 269.020599 927.650269
609.614685 1141.149658 489.342194 1101.203369
486.992340 947.923523 368.281799 910.938843
242.154312 662.747803 125.490150 629.422791
530.792419 521.953430 409.645599 489.133636
208.794434 748.397522 93.659035 714.248657
237.385742 747.678894 121.655006 713.376099
644.410034 955.045532 523.121643 917.739380
525.096741 550.028687 403.966949 517.165466
265.381927 573.449036 148.195663 541.249268
515.707336 850.214539 396.336639 814.499268
691.862854 952.489746 570.414917 915.510925
494.513550 872.384949 375.075531 836.230713
166.844513 675.576660 52.000751 642.379395
434.891479 1120.555420 317.911316 1080.860352
326.170532 438.232483 207.498398 406.504700
237.520294 1032.166260 123.599106 993.901428
387.383087 463.320709 267.718018 431.354889
346.566895 299.662994 226.843414 268.605133
365.531830 469.274902 246.374039 437.394012
342.245636 266.128571 222.235535 235.176819
441.458405 249.201675 320.290955 217.690536
257.331848 187.987442 138.245300 157.580139
471.238434 762.556641 352.324951 727.930969
656.764587 597.249817 534.767944 563.580933
571.882813 1127.888550 452.664154 1088.196045
263.794525 786.300171 148.114502 751.816162
256.058563 1165.251587 142.580032 1124.734863
523.099426 533.311707 402.255188 500.476715
651.238831 1046.882568 529.870850 1008.552795
596.179993 689.150574 475.387634 655.066589
231.377609 651.820801 115.206261 618.699036
499.553894 154.759384 377.703033 123.477760
746.006714 1160.221558 624.410889 1120.050049
633.841980 1133.230347 513.045959 1093.345703
185.597870 660.605652 70.238129 627.517700
236.500046 1005.842529 122.565178 968.194458
692.117371 791.505676 570.157715 756.204834
178.137115 1148.652710 65.456429 1108.362427
706.333923 1131.402588 585.242859 1091.653687
566.952332 1109.585571 447.809845 1069.925049
324.398560 1035.553345 209.031448 997.310791
650.946716 561.744385 529.016357 528.374634
526.744080 1047.902466 407.181274 1009.349915
339.936340 593.987244 221.996323 561.247131
418.835663 848.042419 300.846619 812.501160
518.218262 107.006554 396.107391 75.533905
187.231430 645.265076 71.791992 612.366943
238.636902 639.734619 122.153008 606.740540
129.223816 103.743050 10.675800 74.092125
554.291504 1171.663208 435.744659 1131.374878
250.733810 1020.495728 136.468979 982.406067
417.896210 862.342773 300.100525 826.698120
415.421295 805.692261 297.125000 770.557434
449.856049 1042.335205 332.254700 1003.952637
366.253387 992.105591 249.297943 954.039978
570.403015 358.166138 448.714539 325.998291
265.048004 1081.293091 150.299881 1042.190186
660.812134 575.048523 538.875916 541.494507
431.348633 784.569153 312.843933 749.683716
245.255539 67.625046 125.339348 37.363770
586.444336 1096.526978 466.519470 1057.224976
267.902527 65.318298 147.604492 34.912273
225.975220 825.257202 110.915977 790.313232
597.136108 952.456726 476.511993 915.417419
507.780762 510.873138 386.783783 478.282593
457.195923 1137.706177 339.663605 1097.743896
708.201477 1056.966309 586.377014 1018.270020
502.192108 591.989685 381.702332 558.709290
658.736938 813.251709 537.457214 777.726624
536.203674 881.634033 416.406433 845.458191
503.179230 915.589661 384.440796 879.297119
341.390869 189.713638 221.029327 159.010300
459.094940 868.981201 340.660828 833.143677
126.139931 898.766724 13.335238 862.745667
539.970093 1133.869507 421.387177 1094.020630
255.343903 962.284668 140.797867 925.376282
530.755310 941.790405 411.227509 904.623474
245.560135 1106.879272 131.831390 1067.427002
278.972046 1113.764038 164.663666 1074.195313
128.426666 291.063019 11.192810 260.880005
391.226624 814.054443 273.612610 778.999634
745.368164 1148.401489 623.552368 1108.170532
439.293335 904.691101 320.973511 868.480103
750.911804 931.257813 627.349426 894.155701
703.976257 772.188782 582.163574 737.069153
196.470551 651.143433 80.853188 618.137451
634.626587 901.878845 513.466675 865.384949
583.133728 477.796112 461.438019 445.001251
535.620178 44.171986 413.071716 12.459830
400.341858 456.815979 280.183838 424.904663
335.283081 569.743347 217.278549 537.223450
605.068481 973.544495 484.337463 936.069946
650.010437 773.736267 528.143005 738.712463
441.389893 536.373108 320.554749 503.657440
622.261841 1159.248779 501.822205 1118.830933
448.374969 1134.031128 330.856812 1094.050415
264.152985 773.687195 148.063019 738.604187
218.303253 636.063171 102.065872 603.238403
611.501038 391.439056 489.533539 359.126923
272.984283 561.089783 155.569458 528.760315
267.124695 225.480240 147.788208 195.413269
449.686310 469.547150 329.141327 437.286163
619.736450 521.566345 497.993011 488.457123
311.692596 283.329834 192.243729 252.497726
424.647308 907.733276 306.953308 871.390747
418.631409 881.274353 300.880981 845.213135
206.824783 660.064758 90.921036 626.906677
556.675354 638.030029 435.843414 604.395935
232.837708 943.439148 118.157158 906.711548
122.831024 885.688354 10.215267 849.961853
394.329803 764.829407 276.373535 730.344788
510.468231 574.214172 389.905487 541.155518
529.779968 1165.490479 409.752472 1124.812256
154.416351 941.394104 41.505035 904.809814
724.839661 806.807434 602.631531 771.473938
747.401184 768.072693 625.028442 732.950928
325.063721 447.670685 206.473633 416.097504
663.317810 1032.441162 541.679382 994.015320
388.899902 922.360596 271.362427 885.895996
327.313324 1051.607422 211.560928 1013.141418
452.795441 537.914429 332.709442 505.108246
545.737305 583.542786 424.575104 550.249023
594.749207 480.977997 473.202454 448.237244
305.201538 239.329803 185.393845 208.635483
397.946930 583.726379 279.074249 550.919739
491.954773 441.418152 371.252563 409.232880
282.063904 855.865601 166.315155 820.202515
279.804382 801.544189 163.668518 766.487244
743.683350 599.340942 620.984192 565.522705
167.118637 490.348389 50.827888 458.764099
382.857269 756.609009 264.997406 722.210083
411.058197 147.365158 289.959290 116.308464
528.238525 329.157013 406.745911 297.295197
179.426315 977.966003 66.300316 940.573425
575.482300 531.470215 453.835144 498.423187
641.096008 938.868774 520.109131 901.814636
461.918732 517.137329 341.625458 484.667786
506.588959 643.190369 386.572540 609.565735
748.995789 807.265930 626.575073 771.684875
706.708679 1142.796753 585.425049 1102.859253
274.502472 532.321655 157.096573 500.168610
373.297974 1010.141418 255.491257 972.198914
196.161667 496.181732 79.387009 464.549622
352.419220 289.451752 232.373947 258.386749
266.426453 924.574890 151.513779 888.058838
187.430145 1088.058472 74.685333 1048.825928
222.984543 1141.317871 109.490601 1101.091919
362.253510 183.918488 241.588943 152.940704
127.192719 988.551147 14.513080 951.171997
217.191422 1058.815796 103.319031 1019.979675
427.488770 877.696106 309.593140 841.932007
604.598206 908.165405 484.075897 871.645447
415.343018 607.561401 296.459320 574.478455
452.644958 527.058472 332.671661 494.446777
588.996704 779.649841 467.957581 744.606079
459.156891 969.543152 341.175964 932.238525
208.187790 819.645691 93.496559 784.321533
609.677185 1064.140137 488.970825 1025.385620
637.351990 1036.649048 517.014343 998.385193
387.647552 496.470917 267.717224 463.953339
552.995850 564.983521 432.145447 531.783936
507.765656 1127.250244 388.684204 1087.641479
127.619072 1039.111572 15.825240 1000.838684
696.842590 528.248047 574.486755 494.955017
261.945587 612.055420 145.134369 579.337402
513.088318 155.362625 390.993195 123.899147
364.460419 208.398544 243.883072 177.440109
598.667969 1016.102905 478.520264 978.119934
285.767212 654.870911 168.934082 621.591797
508.732208 713.400513 388.915100 679.061340
568.004639 880.783875 447.347137 844.567566
642.778442 604.490784 520.845032 570.803345
561.139099 963.740662 441.035004 926.484314
408.908020 552.523499 288.656281 519.834229
596.535217 371.837708 474.652405 339.510437
635.584106 524.390381 513.552002 491.263397
720.005554 562.715942 597.282410 529.113342
452.211761 416.639038 332.091797 384.746826
623.703125 599.816895 502.256134 566.229736
340.599548 200.858292 220.303558 170.082474
464.641541 581.341919 344.969971 548.355530
482.706299 780.958801 363.640808 746.271301
508.010376 687.426819 387.899292 653.529785
402.154205 759.218018 284.085785 724.831543
640.817200 575.669006 519.177246 542.172058
534.819092 434.105957 413.634277 401.755920
525.633484 494.662689 404.752747 462.024109
591.298218 548.255676 469.787628 515.102173
613.748169 493.356445 491.815704 460.480682
550.491333 522.277039 429.640350 489.374359
583.403259 586.299500 461.795441 552.966003
415.914337 656.874817 297.199585 623.442749
586.996460 316.183563 464.952515 284.197601
504.340088 865.561096 385.209290 829.660217
557.996704 91.005165 435.473511 59.211857
519.232666 623.763672 398.976318 590.372742
559.345215 825.325745 438.677765 789.770386
186.075806 722.734131 71.202477 689.003845
749.927368 1066.624390 627.827759 1027.833984
560.795288 547.519653 439.364319 514.497314
464.272736 474.376038 343.967010 442.005402
357.320404 558.547974 238.766571 525.946533
258.304779 661.453857 141.903061 628.197144
517.295410 721.245911 397.432526 686.979431
628.460938 1029.705811 507.971039 991.326843
591.472412 746.773376 470.247284 712.131775
482.046295 433.784607 361.106232 401.483032
446.661926 795.735962 328.167511 760.815308
622.659912 1020.687622 502.110260 982.617981
340.381348 1107.888794 224.078644 1068.304810
175.228058 1112.924683 62.920109 1073.368652
290.328369 1098.503174 175.698639 1059.171265
524.297241 900.049744 405.045898 863.658203
636.264648 1143.400024 515.688660 1103.253906
280.459106 1147.074707 166.748123 1106.942993
520.183350 679.546814 399.860077 645.590393
593.544861 1132.052002 473.571930 1092.220825
522.857300 319.470062 401.456146 287.611145
560.241028 793.054871 440.200012 758.058411
598.528809 762.262512 477.415131 727.384033
616.314758 612.081055 494.785126 578.423157
257.491882 737.703247 141.650192 703.574768
739.708435 116.577805 616.037476 83.977745
364.755280 260.711151 244.602539 229.710358
741.017578 97.869446 617.312073 65.173317
149.417480 1060.029175 36.878227 1021.279785
278.182465 865.710693 162.649658 830.281250
727.318970 83.875160 603.586975 51.321453
428.061432 704.428955 309.382294 670.535095
580.340759 351.020020 458.466919 318.829102
753.621094 666.717957 631.115479 632.261902
481.060120 189.039673 359.413391 157.670593
708.961060 416.155914 586.316467 383.377930
278.484222 775.560669 162.458450 741.097351
602.957092 501.040405 481.364319 468.357422
721.540222 235.404495 598.098511 202.869675
636.525635 803.600586 514.957214 768.228699
422.978821 543.440002 303.292053 510.601471
586.200500 532.164124 464.491394 499.168396
273.349426 1122.351074 159.136139 1082.690430
609.637878 518.471802 488.002747 485.481354
601.004883 308.625427 478.825806 276.568481
728.584045 1039.660278 606.307129 1001.099792
517.004028 1136.997803 398.707092 1097.010010
303.058258 593.921814 185.669342 561.286316
489.714996 819.581726 370.758148 784.369751
338.572296 929.791565 221.883041 892.986267
543.645630 920.475769 422.844299 883.590149
596.135620 576.455811 474.420990 542.974548
495.661591 265.264221 374.236877 233.688049
557.059448 515.652344 435.950134 482.777039
702.470154 1077.451294 580.383301 1038.480103
753.884766 593.653625 631.187805 559.760803
344.958710 583.599976 226.839737 550.883179
421.949097 500.082550 301.432739 467.556915
665.746948 147.993332 542.476440 115.560341
141.407639 1102.277710 29.672369 1062.817505
137.995392 913.563782 24.999378 877.290955
612.770447 944.885864 491.734497 907.838623
512.631531 926.671204 393.726044 890.070374
488.240051 458.776428 367.600555 426.458527
198.536118 589.104370 82.459930 556.660583
638.658264 730.199829 517.508484 695.609253
553.191711 675.137634 432.658600 641.257202
469.628021 191.863724 348.078491 160.558197
572.588440 311.909760 450.689880 280.018402
710.223328 1086.010010 588.806458 1046.948242
145.652512 1001.612244 33.122993 964.015381
695.401794 1085.003418 573.786743 1045.922729
390.534912 521.608887 271.001923 489.212311
187.772217 631.234985 72.113060 598.501892
726.919495 792.399292 604.857483 757.128723
391.601227 45.820663 270.007996 14.823376
270.934662 1157.954590 156.786163 1117.307495
277.023438 358.660400 158.517822 327.582947
194.387802 419.983154 77.297455 388.830383
374.171631 146.353546 253.189743 115.492409
734.321289 724.796692 612.006042 690.066162
640.762817 1121.112305 520.110901 1081.468750
141.868378 1130.739868 30.213768 1090.650269
580.066406 64.315163 457.282410 32.453297
624.103455 53.304642 500.837799 21.159588
440.363617 152.134659 319.039917 120.962532
561.498779 397.267670 439.753113 365.095764
619.147461 803.632019 497.970825 768.270508
318.198364 519.444458 199.022858 487.409271
519.260132 998.758118 399.030182 960.925964
575.244141 965.808655 454.846619 928.494507
348.949310 342.311646 229.482742 311.043182
675.460205 832.932190 553.671692 797.220703
446.729889 169.132492 325.050079 137.790176
190.637177 616.483582 74.880409 583.823242
653.033142 484.912842 530.886108 451.979736
556.615723 1049.002686 437.519989 1010.170654
664.388489 1136.481201 543.860596 1096.615234
691.514587 887.105713 570.058228 850.885193
250.348282 921.465088 135.646423 885.038513
180.420059 862.399231 66.586792 826.828247
272.162689 951.219666 157.263840 914.460632
492.768982 1061.316772 374.291931 1022.592712
679.086975 633.036499 557.028870 599.194946
603.890808 1126.834717 483.831207 1087.083618
662.193115 1086.109863 540.612183 1046.915649
477.395172 222.609863 355.941071 191.280945
504.679108 814.551086 385.402893 779.271606
436.795135 708.228577 318.133453 674.292542
459.712830 164.282440 338.106201 132.978836
613.939453 983.131653 493.268768 945.540100
680.989258 949.672668 559.415649 912.576904
292.549866 624.389709 175.402435 591.532166
633.234924 1104.307861 512.959290 1064.898926
732.673096 763.516724 610.473083 728.465149
390.400574 364.153656 270.531525 332.625977
302.054657 1000.425110 185.621979 962.642761
494.501892 721.438110 374.941864 687.161133
583.804688 332.816864 461.727905 300.681580
533.138611 838.109009 411.981018 802.401978
490.171753 998.593201 370.977814 960.778076
335.928345 635.834106 218.248672 602.690918
228.884018 915.207092 114.163353 878.751282
657.980774 608.078308 536.097656 574.352051
725.195862 938.471924 603.429565 901.570618
635.642273 427.937744 513.567383 395.250000
578.412292 948.602478 458.367340 911.555725
541.072876 293.538635 419.485687 261.777100
743.763123 1137.223511 622.101013 1097.495605
663.898315 508.360992 541.847412 475.315765
562.623352 387.344971 441.165741 355.122528
429.707062 918.531799 311.825775 881.842529
471.123871 486.772827 350.700806 454.417725
602.755859 565.042725 481.249878 531.785400
595.309692 1074.768555 475.217560 1035.823242
753.964478 576.593689 631.305847 542.924072
250.586853 1041.136597 136.649399 1002.706848
291.544189 274.790985 172.508209 244.003052
172.771820 666.521179 57.460209 633.356323
181.267548 596.552002 65.485588 564.223694
250.545792 695.817139 134.334732 662.250610
211.068832 163.007050 91.960030 132.802765
344.903473 1004.868896 228.903946 966.998779
666.077393 788.443420 544.595154 753.254761
235.812119 1136.987915 122.386452 1096.835083
262.382721 1028.154907 148.241394 990.073120
638.599854 1154.710449 518.048767 1114.436157
557.199097 741.404358 436.930084 706.924133
651.149658 509.308136 529.217346 476.397797
660.315796 539.030823 538.222595 505.724182
651.343140 818.715393 530.163391 783.210876
697.052734 811.834717 575.412537 776.396484
540.174072 1020.544373 421.129456 982.462769
435.466675 415.452728 314.316956 383.402069
155.132736 207.882828 36.995258 178.019257
448.442719 812.222412 329.978485 777.058228
125.723274 387.058289 9.079587 356.603333
139.229095 931.112732 26.218481 894.572937
238.544937 870.837097 123.823982 835.091370
246.033051 1158.939941 132.822937 1118.608643
626.644958 956.608582 505.845825 919.387878
633.667236 1012.645142 513.260803 974.781311
217.856552 81.612892 98.171005 51.541279
570.032288 1148.783081 451.078003 1108.732422
658.858093 1146.225952 538.357483 1106.260742
674.804443 749.040710 553.185730 714.217651
747.471008 289.527435 624.154846 256.873352
136.551636 92.527550 17.882147 62.919437
635.229065 698.810364 513.805969 664.485474
201.985672 805.039063 87.466721 770.040222
689.415771 826.246094 567.871155 790.674561
620.245605 837.687500 499.650726 801.901245
131.203735 63.694057 12.406008 34.147011
586.760193 620.750671 465.705566 587.163818
222.777451 555.205139 106.271477 522.964539
537.262390 1037.548950 418.322998 999.203125
435.609863 204.718674 314.554108 173.456680
383.750885 1092.331787 266.651306 1053.068237
482.597229 1088.518677 363.576324 1049.206909
569.649841 1118.522827 450.486786 1078.969727
292.881927 67.877243 172.360718 37.410015
515.909790 947.840637 396.842743 910.837585
740.516113 942.063965 618.611938 905.071411
577.486328 1039.494141 457.460236 1001.013733
635.414185 1085.865234 514.632019 1046.717041
677.761353 1061.124512 556.359253 1022.403870
186.048325 160.939606 67.354034 130.917526
703.218445 191.532928 579.930054 159.117432
726.296875 819.762085 604.293579 784.205261
676.159668 1164.747070 554.561829 1124.273682
624.960510 884.568481 503.787048 848.346619
321.588593 975.960083 205.335876 938.185913
470.598724 851.597168 351.078644 815.839355
376.775238 969.623962 259.206635 932.344177
441.339264 986.389099 323.176666 948.908691
544.801025 771.449524 423.453888 736.406860
742.986023 1026.888306 620.445068 988.542053
663.215515 977.837097 541.961914 940.331482
244.475464 1066.035645 129.935410 1027.282349
604.911621 860.695190 484.178192 824.695557
344.271423 459.875824 224.075806 427.932404
539.154297 561.989258 418.200165 528.832092
177.478943 986.759705 64.432297 949.312805
385.534912 875.377319 267.884644 839.190613
539.872559 411.423798 418.424011 379.194946
717.889343 545.957703 595.338440 512.406616
303.262085 147.549683 182.983337 116.994690
279.305664 220.150955 159.586044 189.556473
653.532776 522.989990 531.276184 489.907318
134.040848 978.582825 21.627298 941.357544
652.705811 1087.790039 531.368408 1048.437622
314.374847 44.407227 193.521790 13.771875
433.729675 428.235443 313.367462 396.217072
217.665054 880.694519 103.232094 844.868530
170.455948 617.154541 54.994713 584.605774
325.800873 486.659729 206.811722 454.541138
439.043610 464.443024 318.799957 432.228149
562.116577 463.435425 440.534882 430.901337
512.556702 1093.510132 393.343903 1054.063354
216.628723 1004.435547 102.820045 966.819153
276.025269 781.081116 160.081482 746.543823
679.104614 1073.202759 557.327271 1034.286133
233.521576 985.888733 119.556465 948.544861
596.111877 907.231812 475.532501 870.737854
519.447632 817.157288 399.882294 782.169434
569.228333 1033.550293 448.472260 995.139832
508.792511 534.831421 387.812622 502.022430
740.508423 555.737671 617.486328 522.181335
284.264618 645.671875 167.350632 612.586731
406.073242 176.828461 284.362000 145.529495
289.890137 514.097534 171.389450 482.061157
544.501099 732.064392 424.369934 697.592773
668.017151 887.122070 546.316223 850.813232
631.852661 569.161865 510.125946 535.799011
607.187378 750.718445 485.893402 716.052429
339.923218 276.869324 220.322830 246.063980
561.812317 569.960205 440.868469 536.778687
245.469803 192.345749 126.368202 161.887756
461.542297 1046.522949 342.978363 1007.955322
593.829346 511.552521 472.178925 478.668152
259.903625 144.293442 140.094696 113.955116
491.417084 959.066589 373.045929 921.984802
394.869263 551.536011 276.003113 519.074280
572.115051 941.708435 452.496399 904.852905
506.650665 172.855515 384.625122 141.407654
181.904816 335.769928 64.115929 305.265045
504.027039 1046.558472 385.715790 1007.974854
356.040314 573.279297 237.726715 540.691406
498.146210 628.908081 378.154602 595.580627
149.689102 175.068085 31.374657 145.233810
395.563049 240.648773 274.735168 209.462555
474.752594 460.176025 354.215942 427.871185
258.350739 309.309784 139.554276 278.414764
254.269379 603.766663 137.453659 571.178345
704.351624 1116.982666 583.304321 1077.539551
188.898666 953.235779 75.078674 916.403076
593.273560 354.582458 471.288147 322.385864
320.714783 815.873901 204.221527 780.835449
492.328796 676.942566 372.598816 643.120361
503.821747 933.342834 385.294983 896.929016
303.790039 279.414520 183.915817 248.773834
658.149719 744.632935 537.266846 710.177856
209.913284 755.705872 94.671944 721.436218
754.045288 629.473816 631.482056 595.419983
150.633224 1130.622681 38.677711 1090.924072
144.843719 658.347351 30.056969 625.358887
524.165527 791.613037 404.794037 756.565674
479.050629 988.325500 359.982300 950.353149
128.312485 1009.989014 15.933615 972.190308
696.475464 839.294434 574.716187 803.480591
592.155945 790.554382 470.987610 755.408752
244.161682 1147.593872 131.051651 1107.494995
583.745056 972.432678 463.470459 935.196167
328.421783 866.298218 211.822525 830.549805
753.581177 941.548889 631.369690 904.478882
681.863342 594.160461 559.646912 560.467468
519.942200 580.467346 399.364685 547.270081
545.209961 1141.839233 426.616272 1101.858032
270.709229 989.992493 155.098679 952.359680
592.979553 1001.084167 472.949585 963.251770
179.974487 185.058701 61.522430 154.982590
250.585480 683.595520 134.396454 650.005066
284.670532 153.620071 164.877090 123.127792
477.810425 939.167603 358.967834 902.091492
541.592896 458.475403 420.365417 426.027252
441.253387 1025.001099 323.871002 987.032471
566.635254 272.976410 444.601898 241.164139
200.622421 901.912109 86.722076 865.742249
311.778961 562.331543 194.102493 529.740906
570.079163 408.005432 448.700592 375.777374
298.293884 618.680603 180.949707 585.808533
165.220764 1037.835449 52.700569 999.534851
199.613449 154.921814 80.655304 124.825798
423.064911 1011.993835 305.967010 974.158142
465.838470 202.882919 344.326202 171.478287
527.489746 442.293182 406.482025 409.867493
365.591400 52.460655 244.270859 21.510830
269.388214 252.624222 150.192902 221.999847
569.733154 515.799805 448.614563 482.761597
554.904358 376.578247 433.204834 344.371033
272.359833 916.096069 157.226624 879.699402
252.814987 221.475403 133.776215 191.089630
268.094299 199.461960 148.252502 169.018082
494.171143 467.991455 373.493805 435.552979
584.304199 462.808563 462.705963 430.123169
393.138336 1130.386841 276.986176 1090.609131
480.694550 1029.827271 362.557831 991.368774
490.729340 494.162018 370.222412 461.612854
187.275696 494.501892 70.661621 462.760010
185.628006 1131.796875 73.250397 1091.816162
753.710327 116.884834 630.054932 84.217567
708.197754 73.046364 584.468750 40.546352
288.049103 600.782532 170.675034 567.973816
496.665710 516.730469 376.288788 483.976685
528.989685 860.333862 409.271423 824.396667
265.754181 702.237122 149.463104 668.653137
140.822296 381.224609 24.295361 350.657349
301.171295 181.126190 181.152313 150.566193
556.511597 714.959961 435.737061 680.595032
550.495667 234.671585 428.587799 202.863312
563.982666 758.089478 443.706177 723.339844
437.581207 373.639160 317.325684 342.018646
462.657471 487.534027 342.339752 455.147552
529.367676 1038.654419 409.683258 1000.101563
359.093781 256.426971 238.826767 225.513275
376.890778 807.596985 259.442688 772.697144
182.988541 826.603821 68.594666 791.644958
715.663940 670.498352 593.451477 636.254761
672.294312 711.991455 550.357666 677.538391
471.778442 1063.794922 353.389740 1025.210815
499.118805 115.835541 377.347321 84.302238
178.403397 584.088989 62.585178 551.740234
284.063385 1039.749878 169.458511 1001.533813
738.658936 323.233551 615.804932 290.716644
436.180298 141.437576 314.519257 110.217209
657.138367 138.140839 534.016968 105.935303
183.594086 538.219543 67.502533 506.292145
705.782593 748.537842 583.891113 713.660767
315.752197 629.336731 197.996292 596.653381
164.863007 223.929092 46.926125 193.905289
173.940903 94.072983 54.957985 64.239738
744.801270 787.292175 622.476440 752.075012
687.543823 384.152069 564.470032 351.769928
721.639832 448.907837 598.895996 415.882385
475.111328 652.196472 355.616150 618.818848
512.000488 311.843079 390.585052 280.156525
545.386230 949.095215 425.671417 912.124878
417.311768 477.109253 297.012482 444.773132
642.387085 828.363464 521.175964 792.760071
738.327820 858.388000 616.027710 822.378906
692.214355 871.129456 570.624451 834.889465
384.041473 184.107285 263.214417 153.100464
586.464417 832.605408 466.077148 797.254578
257.156555 237.642242 138.122574 207.015854
552.441711 398.821625 430.498962 367.282928
323.548157 250.417450 203.685394 219.017303
341.171387 294.987122 221.528137 263.918304
552.090942 339.332916 430.439850 307.328278
193.871750 427.066864 76.704979 395.895844
131.302414 1084.357910 19.629782 1045.226318
602.949341 345.936829 480.875458 313.751465
740.985718 107.255295 617.361633 74.609497
478.803711 471.557312 358.428223 439.213043
215.965164 546.109680 99.358345 513.983643
737.029602 247.703857 612.654602 216.310684
540.415894 907.361877 419.887939 870.770752
720.162598 443.315338 598.461182 411.759308
617.827332 52.465603 495.106903 20.711849
442.985596 508.687439 322.920959 476.295258
472.435059 593.412292 352.547882 560.301147
611.980774 205.137299 489.400299 173.097870
476.247620 78.930672 354.155762 47.566090
328.387573 414.129486 209.512741 382.429382
470.941101 418.869507 350.486359 386.880188
662.639038 67.223618 541.658752 36.284081
639.284546 112.526031 516.217957 80.355469
650.617126 295.768982 528.116882 263.471771
588.949463 164.000992 466.654602 132.195480
379.348877 426.321838 259.901764 394.580658
438.842194 111.165833 317.114685 79.843903
488.760345 632.553406 369.275269 599.037659
276.433472 274.012421 157.373901 243.355438
431.029419 171.128922 309.380676 139.714111
440.104187 552.854370 320.169617 520.087219
559.011902 688.241028 438.801056 655.012268
