# Control Points File
# Left Image: LOR49.bmp
# Right Image: LOR50.bmp
# Format: Left_X Left_Y Right_X Right_Y
# Total Points: 113
# Generated Time: 2025-11-26 10:25:51

131.664703 165.238144 322.004181 166.516403
201.315491 300.129761 390.146332 301.393768
219.489685 122.737854 410.987915 123.420425
156.926025 341.327118 345.746643 342.146179
2.084409 319.685638 191.142746 321.252747
205.071060 152.553177 395.578918 153.764709
160.786758 399.515747 349.065582 399.466858
219.846436 260.865479 409.066711 262.190430
132.732635 204.857224 322.529419 206.493912
24.169809 323.702820 213.940750 325.503479
200.239120 404.364288 388.204071 404.569824
75.529839 238.154755 264.703857 239.987946
228.654449 285.384064 417.667053 286.631073
64.375427 359.236023 253.042404 360.259796
89.927139 332.912567 278.695557 334.035583
198.324066 326.141510 386.424194 327.236542
177.082733 321.864563 365.503937 323.112946
242.079330 193.915283 431.826202 195.227524
189.910004 335.377716 377.924591 336.453705
197.799362 233.903976 387.485992 235.630127
190.844147 423.908051 380.123016 423.465240
41.160404 48.962532 232.804352 49.143986
41.105911 246.710159 230.353378 248.544586
206.721680 319.819763 394.964264 320.867126
218.707428 140.817932 409.509613 141.788330
198.599335 188.915283 388.561310 190.269043
189.662689 111.835373 381.001953 112.377174
46.858772 330.595245 235.886612 332.021332
191.204346 138.545227 382.144409 139.553360
113.571121 358.523468 301.883057 359.230011
176.330688 142.681900 366.921082 143.870972
206.963699 94.327751 398.977356 94.670059
81.420395 304.877808 270.203033 306.040924
35.018929 386.163330 223.991104 386.970947
200.535767 358.689087 388.070801 359.346100
237.287323 247.857651 426.528107 249.191101
242.864914 74.809616 434.963593 74.746422
207.535690 263.685089 396.405273 265.096191
135.170258 64.959068 326.765808 65.197212
47.327991 311.144775 236.230576 312.280090
165.916840 356.260773 353.772247 356.911713
186.345596 288.926941 374.936035 290.204620
145.991806 54.472679 338.565704 54.398205
205.012436 308.402069 393.642426 309.575043
243.711136 82.744781 435.673859 83.102287
247.296494 276.417999 436.579498 277.731995
174.407608 309.516327 363.223053 310.589264
182.625229 351.886230 370.382507 352.629791
193.911026 92.798897 386.030731 93.100677
49.998966 96.839920 240.086853 97.463966
226.642075 277.110962 415.678619 278.398315
114.464607 414.982941 302.132294 414.998260
138.088165 397.161713 325.631561 397.565063
163.152527 277.886017 351.873169 279.342255
240.688187 170.650848 430.489624 171.838150
208.264999 68.475029 400.578217 68.559288
252.354065 171.023331 442.034149 172.047501
155.550919 381.378235 343.172119 381.949402
185.610474 133.074829 376.061310 134.121597
213.565750 344.667053 401.110199 345.358185
47.282127 206.801773 236.745621 208.421082
231.969635 154.799011 422.232819 155.880585
242.128036 142.893661 432.536835 143.826309
244.845139 214.061829 433.914673 215.232285
233.508591 215.171539 423.021393 216.685959
122.376572 125.572769 312.405457 126.582092
147.749496 389.101379 335.429504 389.621948
175.793762 61.937397 367.549561 61.943546
159.668350 412.726196 347.555267 412.455994
100.223816 338.997131 288.628662 340.117157
172.814667 340.453766 360.711670 341.233734
178.523926 273.256836 366.944153 274.542145
100.886536 132.356735 290.844391 133.329391
54.124592 166.095734 243.274734 167.400803
221.447098 309.461365 410.016663 310.585388
118.347908 376.414459 306.828766 377.276031
79.883606 64.156227 271.688873 64.169975
72.209625 278.819031 261.305847 280.555054
69.687744 333.539398 258.346497 334.818298
96.398415 377.960205 284.832245 378.357513
42.629780 358.100769 231.739517 358.735779
164.569351 406.381287 352.969391 406.446808
166.262436 153.627365 356.694153 154.919617
145.902390 244.604797 335.308960 246.258743
230.678818 71.301987 423.319214 71.417274
226.528351 176.900772 416.507446 177.951279
33.808399 237.609238 223.361847 239.177780
114.538376 84.645767 305.951508 85.255928
172.777603 104.335594 364.934448 105.201523
51.219650 293.528381 240.485870 294.843292
67.927368 405.919983 256.332184 406.034393
170.448166 260.177673 359.744843 261.754364
53.192337 237.822784 242.657990 239.370636
50.332100 214.684998 239.855804 216.489746
40.043362 154.360825 229.814835 156.194290
243.201874 116.202248 434.650177 116.686722
18.758474 153.261139 208.502884 154.832825
23.994608 41.920109 215.665604 41.762653
110.545837 204.611450 300.231842 206.324356
40.061207 24.633787 232.200226 24.285358
51.236435 422.634918 240.391403 423.027985
150.417786 110.221077 341.703522 110.924988
132.052002 344.365814 320.957886 345.411285
63.442989 87.746658 254.348328 88.522331
78.768883 380.437500 267.173767 380.940277
116.924194 428.786163 304.359528 428.295990
170.433487 86.110947 362.249878 86.631943
43.645947 268.078339 233.731644 269.427521
246.044815 404.469971 432.850861 404.293243
48.598751 70.356766 239.476318 70.749481
144.043381 359.411499 332.016235 360.219116
135.052246 94.437759 325.530914 95.049644
193.187286 126.845528 384.039276 127.745766
