# Control Points File
# Left Image: MiddA.png
# Right Image: MiddB.png
# Format: Left_X Left_Y Right_X Right_Y
# Total Points: 162
# Generated Time: 2025-11-26 10:12:00

58.403351 262.701569 14.460014 262.867737
63.924267 225.742203 21.936558 225.860062
423.067017 220.859756 385.044434 220.991196
190.454865 231.608276 151.647720 231.736526
248.236053 294.802460 199.114563 295.189514
68.356400 249.367233 25.088100 249.523209
198.051697 229.739243 159.549805 229.869064
224.523239 230.154648 186.468414 230.249649
176.214355 234.106720 137.092667 234.253662
120.711876 309.338379 75.351837 309.553192
154.237366 235.668335 114.796669 235.770355
86.786865 294.801514 43.496433 294.972443
70.507271 308.012909 28.621693 308.342773
262.655396 188.732498 233.989563 188.386047
242.680099 281.585480 193.926712 281.794464
255.122345 224.972260 208.448074 223.255615
435.512543 218.625992 396.933167 218.627640
391.721649 270.373291 353.771454 269.775482
112.236855 246.902451 72.196693 246.933502
150.495193 224.036758 112.339043 224.230133
49.998550 275.389008 5.658645 275.484985
285.079407 327.770630 230.148773 327.847748
196.923309 310.661224 151.606689 310.852905
224.752762 328.571716 174.013229 328.525787
75.492409 300.577423 33.778210 299.069153
204.632797 298.777863 158.820358 298.567139
214.689987 329.562195 163.967712 329.627960
421.539185 210.377670 383.488464 210.388062
330.074646 305.692078 277.392242 305.777405
55.948219 286.341034 12.404644 286.610992
118.162003 215.762878 81.754280 216.056702
455.360565 254.127823 415.261322 254.161026
336.931335 332.527649 283.460693 332.367065
310.110596 305.669769 255.683044 305.750916
161.052109 310.470947 115.421425 310.263245
452.379852 263.130554 411.690826 263.227722
273.050171 195.398148 244.869247 194.946060
64.868309 325.289490 15.260085 325.443481
80.527908 251.460205 37.666607 251.619904
351.381348 268.526672 300.402039 269.532562
319.117737 329.193787 264.839417 329.268158
255.982239 303.514679 205.084625 303.689301
168.789001 234.699173 107.334480 236.168854
228.994324 70.364746 199.531998 70.526581
261.437134 347.693512 209.535141 347.680786
435.080383 298.554810 386.620178 298.563690
423.187378 293.779083 374.752563 294.035004
452.879181 238.592117 414.648376 238.738281
406.025757 289.271118 357.164520 289.415955
197.748764 80.032898 163.768021 80.673225
139.202774 326.770935 88.963669 326.884003
440.276825 200.257996 401.704620 200.231522
345.574829 325.055695 293.528748 328.644165
386.138763 318.465179 338.945313 318.467407
150.658661 57.999538 117.078827 58.628201
62.540886 350.268707 8.021050 350.403015
422.657959 333.005676 375.284241 333.046539
454.047241 306.805969 406.324493 306.846680
124.296989 350.415771 69.220741 350.425354
294.607056 217.600662 432.526001 218.339233
134.579529 286.738708 91.927834 286.856995
207.755447 80.534767 175.891006 80.687851
437.971375 320.589386 390.374847 320.625183
198.706772 343.854340 142.482773 343.992249
105.517357 343.063110 49.878880 343.217865
194.184875 327.913849 143.610062 328.038940
155.163010 311.422394 107.922752 311.701111
96.618576 312.968567 46.895218 313.136230
385.998657 305.454224 338.543182 305.608948
187.831497 344.020782 131.722015 344.161163
376.792389 290.606262 329.057220 290.664612
153.254623 296.574677 108.275177 296.643921
134.429199 350.786926 79.263054 350.875732
94.386086 350.980103 39.691994 351.018463
72.824348 349.167023 18.082157 349.218689
176.667068 344.031647 120.602676 344.161591
367.746704 304.067963 320.870422 303.993652
254.523163 83.756973 221.469666 83.616310
128.575073 319.133942 78.796646 319.433746
410.462006 229.113174 373.065186 228.943451
332.052643 346.552765 278.948212 346.251923
398.059601 308.041565 350.168396 308.125214
156.327835 343.646088 100.421104 343.790070
145.788330 350.403931 90.559616 350.488983
395.487640 323.278687 348.242065 323.305817
451.007080 321.213684 403.687225 321.265961
128.301529 297.091980 83.432602 297.138062
183.684265 327.950836 133.138809 328.093842
84.658234 332.438904 33.464874 332.997833
150.842361 285.546417 108.471718 285.678314
100.708199 252.706177 60.139549 252.803207
143.298141 315.726196 93.727798 315.895416
157.064545 318.685608 107.423042 318.869049
401.441376 339.642181 354.415985 339.698578
372.622833 324.543091 326.476044 324.626251
85.493591 317.105255 36.122299 317.206879
70.817703 178.988449 31.275328 179.007599
416.864807 320.187988 369.063904 320.215240
446.755432 332.806549 399.667847 332.821655
268.675232 216.865936 217.679169 217.733658
405.662048 317.647552 357.922272 317.672638
293.381775 296.366852 230.258179 296.505432
212.064758 316.081665 162.004745 316.256439
239.913239 151.694733 213.038574 151.588150
421.595123 198.077881 383.851318 198.083694
195.192612 151.219879 157.153183 151.328079
200.776291 189.697601 163.786194 189.816971
200.834305 283.836060 159.840286 283.982635
103.483025 329.259949 53.037460 329.511963
357.425293 331.925140 312.667175 331.837708
416.691986 256.284241 379.174805 256.347473
229.017593 318.839783 178.806412 318.968353
102.316460 290.987488 71.321068 289.051849
208.432343 142.436676 170.398209 142.566818
180.184235 284.604614 138.868271 284.734528
308.687500 335.943726 253.923599 335.967468
280.725555 335.901123 225.466721 335.930450
437.419128 329.714508 390.222565 329.773651
311.157501 352.531097 254.662979 352.575226
177.550613 191.447266 138.446487 191.590607
291.242706 334.768677 236.179199 334.851440
245.368118 185.741806 214.538361 185.785080
309.064056 220.374176 260.184479 220.411163
54.400745 190.510147 13.774670 190.629059
289.824738 254.493362 236.362061 254.579163
368.197601 338.735809 322.715149 338.776794
64.932701 239.446243 22.184280 239.570023
285.048462 273.294495 230.979401 273.541077
228.107086 341.094391 171.325287 341.224823
274.627869 298.816162 220.805756 298.915375
299.006317 352.281769 244.086441 352.423309
298.687347 271.285889 244.722778 271.320679
194.674500 113.667023 157.244110 113.748589
413.393341 219.248932 375.795624 219.256393
209.713791 161.483902 172.288498 161.532883
392.941101 340.222137 346.020508 340.260437
229.868042 90.379845 193.230103 90.370857
241.966888 105.630241 206.551697 105.771843
126.067200 118.358223 93.250381 118.488411
291.863464 238.986710 239.218445 239.180939
157.437469 225.463272 119.155220 225.653625
282.147430 203.459000 255.778503 204.021408
132.571396 239.019119 92.828568 239.126999
211.403442 224.278671 173.769272 224.569031
239.016815 349.038574 184.471008 349.427856
211.965424 288.595428 167.024261 288.626068
349.587799 297.013702 299.229767 297.170990
407.157043 235.685867 373.041382 237.877014
83.462776 350.330566 80.229576 350.211121
259.634857 259.070618 208.271530 259.159576
290.228058 266.732025 236.336731 266.798401
165.419403 351.656219 110.118568 351.799347
140.026779 220.202652 102.302437 220.365250
117.490921 123.536087 85.385750 123.497841
176.076645 144.320328 139.273285 144.528412
340.939972 237.575485 290.382141 237.702347
176.887131 200.460373 137.960159 200.512344
177.860641 76.419579 140.770920 76.580544
74.581490 285.369446 36.034473 283.177460
288.324493 288.178314 233.259964 288.459442
202.501801 146.155258 164.628387 146.216904
398.905518 264.093140 361.052582 264.025299
