# Control Points File
# Left Image: ReindeerA.png
# Right Image: ReindeerB.png
# Format: Left_X Left_Y Right_X Right_Y
# Total Points: 272
# Generated Time: 2025-11-26 10:16:54

163.323029 295.058197 82.306244 295.415314
545.992432 349.211426 488.212646 349.358093
214.259064 316.587006 131.344193 316.479767
600.190735 497.614014 512.902710 497.810394
615.015015 157.684769 525.009644 158.257080
464.498260 522.953735 379.478333 524.633667
548.812622 276.986023 493.433136 276.563202
534.235107 345.887238 477.184784 346.205933
595.925110 350.431671 509.781860 351.883667
508.715973 342.850525 454.297821 342.910004
548.433533 315.385559 491.623627 315.469604
156.380692 434.405914 63.240604 434.659882
381.537354 287.142395 331.378967 287.332458
247.412918 441.576508 155.322327 441.827759
255.786819 434.436523 163.802628 434.702087
243.287399 322.025604 160.633469 322.612213
182.555115 325.329803 101.006516 325.037750
101.463837 443.404480 7.802002 443.690552
218.355759 504.159729 125.749695 504.158447
142.250351 505.438141 49.111580 505.661743
396.974609 528.761292 325.411255 528.879333
230.442627 434.391449 138.189972 434.627075
550.433533 305.041351 493.671234 305.172577
172.195724 440.507202 51.820747 441.053223
158.370300 504.465942 65.226730 504.638641
518.467224 274.001801 464.511230 273.865662
203.889130 440.843475 111.349678 441.073395
195.612625 499.095856 102.975937 499.247192
183.520432 504.790894 90.591080 505.004974
341.175201 281.612366 291.589630 281.742310
177.646255 468.726929 84.733315 468.923981
164.467834 474.423645 71.393539 474.609039
443.188416 525.856628 358.702515 527.626282
108.092079 500.193451 26.565701 500.206573
236.272064 468.114197 143.926895 468.311218
403.040192 287.458466 352.928986 287.534851
179.954132 343.285187 98.625511 343.980133
266.306824 434.313232 174.433838 434.559998
208.678894 490.222015 39.354824 491.235229
188.365051 478.246277 95.584450 478.491119
148.574585 470.210602 55.452976 470.629028
305.219238 262.769958 260.495331 263.137146
201.648834 468.592529 109.035408 468.781860
498.303192 127.897560 447.023285 129.192825
56.462791 37.908733 21.700972 38.016247
485.801025 539.609192 396.463562 539.798462
605.967529 152.567337 517.991577 152.922104
338.969391 217.381134 288.333344 217.544693
291.160309 230.893463 246.388199 230.750198
254.794693 307.891296 175.571350 308.023468
125.522751 468.232513 31.999434 468.377655
331.728546 408.870819 239.779343 409.180115
532.980652 191.088745 479.070862 191.780701
482.118011 114.066292 431.623993 115.006577
155.418854 489.418274 62.273750 489.570862
222.153763 310.012421 139.253693 309.990601
171.220871 506.630646 78.234612 506.826569
305.075836 443.262238 209.228790 443.489105
456.581055 85.044350 404.107697 84.854355
277.402191 220.114792 234.415588 220.143814
500.610596 163.126694 449.558624 163.432602
517.674561 9.960142 470.264709 10.321356
391.967041 283.911377 341.707458 284.058533
437.623505 500.485779 352.516449 500.605347
536.963623 260.837280 482.836853 261.041931
374.714752 258.485565 323.373444 258.734680
513.304199 301.337097 459.441376 301.072021
213.988983 527.272095 115.242188 527.388428
512.404480 75.691154 463.350830 75.843887
280.376282 485.780670 183.377716 486.186157
464.845337 136.933960 417.442657 136.983231
278.335510 472.560974 181.072449 472.822144
545.902100 196.680252 491.023987 196.453262
308.905640 453.682770 213.245544 453.916016
205.431213 453.574951 112.597420 453.892914
509.161560 23.551029 462.535004 23.531466
462.542999 541.852600 374.250549 541.905701
363.577667 429.200317 272.991028 429.607666
595.905518 110.018005 509.847046 110.310913
481.420227 48.247505 433.935242 48.502430
190.411713 318.063690 108.341576 318.328186
467.623932 57.150932 420.863953 57.325127
89.444122 415.193634 182.886078 415.172913
452.559662 99.953568 408.422180 102.311516
255.846512 317.185791 175.888412 319.013336
480.525269 221.867538 429.619995 222.244278
496.285614 45.753185 448.909851 45.747585
230.159744 517.841980 131.715332 518.059387
314.149109 220.489090 265.300415 220.582687
188.592392 361.907593 108.062912 362.162415
499.962769 194.011673 447.962341 194.265320
420.332764 493.771423 335.686523 493.931519
525.540527 208.585129 472.463226 208.971741
484.889374 253.355637 433.074188 253.526382
474.688202 536.015259 385.700470 535.880615
454.066956 28.393700 408.656189 28.648165
524.545288 53.022892 476.312805 53.171009
488.021637 161.667007 437.633026 161.853577
285.686432 414.604004 196.974121 414.894836
374.139130 274.997864 323.567810 275.132904
507.637207 247.587158 454.637970 247.630035
363.438416 249.857986 312.151398 250.062866
169.293488 313.369934 88.554482 313.502563
288.965454 251.182129 245.244797 251.318054
494.200256 538.497986 419.940277 538.716187
93.101616 374.942657 18.595224 375.372345
322.785248 315.682251 276.689270 316.274872
126.362503 200.792068 45.885101 203.574722
492.668945 101.580292 440.993439 102.056717
483.673370 64.196129 436.162262 64.268250
522.922302 138.366135 469.506042 138.430298
413.861450 527.255920 345.612091 527.417053
486.360748 33.187759 439.333008 33.576180
317.610870 107.758987 268.453125 107.914726
526.744263 532.881104 452.892212 533.056274
380.730774 218.467865 328.437592 218.687378
297.372711 112.579041 248.077591 112.685051
532.148743 243.543030 478.532135 243.617935
509.420166 331.509888 455.282166 331.113220
326.303741 181.217392 274.380859 180.993912
401.843781 461.548584 317.762024 461.780457
534.696594 21.344791 486.948242 21.548933
451.667755 50.374958 406.597717 50.795723
203.728561 407.317078 136.117294 407.517395
124.885216 183.586227 41.894600 183.890305
383.611481 432.413330 298.785492 432.616577
277.106689 189.475571 233.338104 189.955429
317.494324 175.471359 266.779785 175.704498
498.450073 59.885773 450.156738 60.216026
254.284943 12.650640 220.248184 12.844703
481.250824 186.129669 430.753754 186.338531
383.951416 423.173248 298.626434 423.355499
136.309052 360.819427 52.246651 361.169922
383.825623 130.988052 334.839020 131.262527
264.241241 130.680588 215.664917 130.412354
285.364532 123.573494 236.529617 123.512642
159.802643 407.142517 77.385925 407.221710
224.355652 530.592468 126.376450 530.729126
332.420349 305.239410 284.035156 305.501801
484.626251 234.764725 433.004456 234.483322
464.705109 39.980022 418.453613 40.291977
229.158401 408.392029 146.831802 408.571808
357.862000 404.535004 269.195465 404.785736
506.022583 180.954453 454.144379 181.073044
469.462433 120.118774 421.361359 120.409706
530.116089 87.672768 480.463959 87.641380
382.609009 265.770660 332.044434 265.929535
372.125458 241.592499 319.279144 241.975174
281.593262 241.612289 238.431717 241.878082
443.268311 37.173912 400.051117 37.044796
241.747330 127.220322 159.457809 127.314934
548.107605 50.976017 499.213776 51.230938
356.632050 274.030945 305.952393 274.033813
369.318542 412.690613 282.490021 412.819244
489.306183 148.280228 439.069092 148.031479
130.634354 168.055984 47.530434 168.624786
496.786560 285.249176 443.645752 285.725861
454.570892 180.018890 404.971222 180.170471
539.331177 86.788757 489.185852 87.621452
349.730164 139.035370 299.550201 139.280594
550.174133 152.904251 497.935394 153.140610
171.221802 407.085449 157.381912 407.579987
228.530609 152.091675 146.079102 152.201996
301.828369 231.574234 256.134247 231.655121
363.347046 93.498749 313.711304 93.750633
478.523407 211.473175 428.071411 211.721970
419.687775 218.301483 368.764252 218.466660
378.489288 230.378296 325.972809 230.561981
485.116119 200.099701 433.831696 200.436325
429.111603 93.293579 377.766479 93.354294
160.764389 259.899384 88.730652 260.437317
558.470093 237.426865 503.076843 236.897385
385.980804 87.069496 335.203339 87.250282
536.143616 55.336571 487.306763 55.559845
160.914658 377.446442 97.706375 377.646637
495.338593 19.210556 448.447540 19.480104
311.620361 142.619598 269.385986 148.803925
367.270874 320.600250 317.050537 320.769379
197.715012 321.286926 117.745094 320.248627
433.579102 227.511871 383.876099 227.728180
386.268921 246.084961 333.457397 246.198563
124.148521 269.083252 82.470345 269.216248
357.560303 130.294510 308.911652 130.530746
548.787720 211.831680 493.491119 209.671143
242.784470 515.832275 145.027618 516.130615
342.817535 99.341454 293.615875 99.439995
495.135803 178.770340 443.918762 179.059280
421.274414 320.638763 372.802399 320.586823
243.526443 182.516632 160.566879 182.660995
303.655640 243.022385 258.338013 243.132797
513.341492 313.967896 459.217285 313.897827
221.187439 125.612038 137.366730 125.801727
331.430084 200.626831 281.625519 200.825577
206.979279 261.647888 122.127113 262.105774
530.590881 315.383087 475.888428 315.624115
228.195297 192.101486 145.699646 191.215668
333.500000 87.763824 284.038544 88.131157
128.675919 411.818695 42.952606 412.107239
557.374023 296.486481 500.781128 296.650604
376.108429 299.848816 325.557983 300.003754
364.824677 230.333832 313.910034 230.562180
275.007568 391.507568 187.104584 391.969727
194.341080 421.011292 101.725800 421.164490
403.580811 322.021698 353.758789 322.161346
333.844055 128.002441 288.855072 128.361893
322.230988 257.169983 274.247162 257.286591
473.180237 408.182495 405.126312 408.398743
404.504791 223.047791 353.385010 223.192978
393.527130 314.734955 343.294312 314.985718
234.929108 137.275208 152.479874 137.443207
278.326843 179.594009 234.580307 177.409653
306.235077 200.070770 258.384613 200.336594
149.778549 421.772491 57.119240 421.854218
425.429138 78.234726 374.274750 78.433037
277.740295 131.226913 229.278214 131.134384
462.788239 208.242188 417.335663 208.787933
364.244873 258.736053 313.906677 258.814209
439.965668 223.070465 390.857971 223.311127
225.751709 345.753021 143.901657 346.143463
382.554260 321.881042 333.002899 322.017761
413.441833 227.929001 362.565796 228.115021
38.739952 405.211456 91.027786 406.682129
169.529129 421.009094 76.990425 421.266052
416.808472 135.457947 368.165192 135.731064
130.227921 260.984833 96.152626 260.128967
417.498535 399.914703 350.612427 400.063660
575.899963 507.947632 503.258575 508.045807
244.926529 308.335266 162.702255 308.641754
280.880768 166.245895 236.915298 166.600830
616.459595 138.794464 526.313965 139.036850
186.121826 488.995819 93.289780 489.278168
127.695183 454.416260 34.398819 454.570801
226.144135 453.234283 133.715683 453.451569
259.511475 467.738800 167.489700 468.022675
446.633820 80.967361 404.533417 83.959946
262.915253 407.609833 175.442062 407.710693
120.142830 500.041290 26.624174 500.152466
316.271515 305.361542 272.398560 304.773438
318.875519 227.800568 269.896179 228.008118
510.743317 59.116634 462.595947 59.038666
473.303436 33.014847 426.314117 33.084991
509.030884 210.401550 456.556458 211.117355
514.211365 118.669754 463.097198 120.371750
528.603882 36.355453 480.840820 36.594284
124.450714 478.341553 31.026638 478.548065
326.447937 187.348221 275.214600 187.528397
538.604004 222.930984 484.528717 222.863159
238.552322 370.120300 158.525742 371.149872
349.504456 207.837311 298.742645 208.114105
538.832947 155.604324 484.900696 155.918198
42.656246 406.878540 147.082275 408.808228
346.429718 307.893036 296.970886 307.985718
452.181702 265.177795 408.307251 265.382568
418.347107 471.502380 334.386414 471.686005
307.170410 165.673630 258.362885 165.913635
104.219643 260.876862 63.133076 261.097504
377.956879 87.370773 327.497375 87.574577
544.550598 531.263733 470.686401 531.357300
99.491440 300.702850 56.084835 300.755707
428.408356 231.628693 378.554535 231.827911
64.646637 97.463432 28.099579 97.767799
409.477692 269.249359 359.313263 269.339020
53.209442 260.251617 13.232523 260.509064
470.273285 530.029968 382.744293 530.409180
293.414154 262.367096 249.229370 262.569977
607.226013 156.816635 519.088928 157.358459
246.978668 363.863403 163.394135 364.065643
433.414215 211.915070 383.285980 212.026917
441.581238 264.813721 396.739746 265.197937
391.634827 202.266327 338.753052 202.480270
75.436707 307.232727 29.417023 307.517212
180.480118 396.436401 114.172211 396.684509
