# Control Points File
# Left Image: view1.png
# Right Image: view2.png
# Format: Left_X Left_Y Right_X Right_Y
# Total Points: 274
# Generated Time: 2025-11-26 10:09:06

257.142334 247.701584 221.409744 247.638367
275.549866 268.691803 237.661652 268.657288
93.871262 229.396057 73.540016 229.053726
207.547180 240.393265 178.533096 240.117645
141.483704 313.171295 119.819023 313.218048
108.461494 180.007614 85.683701 182.002701
222.448639 322.046356 198.649887 322.121185
386.197052 62.454494 369.968475 62.469734
419.649719 308.794739 400.495605 308.703552
230.178848 334.708038 205.361389 334.747040
287.914215 100.482094 270.612152 100.490295
248.942245 22.781570 232.759094 22.769344
169.039764 212.926758 132.630585 212.813751
406.444977 16.115870 390.714447 16.071955
121.898315 228.757385 100.868584 229.194107
165.499649 232.767166 133.941330 232.699539
375.616760 203.902771 357.552704 203.833054
290.767090 55.423306 274.468201 55.453312
207.881531 194.233490 185.537827 194.215515
179.364059 214.534546 142.717987 214.795593
265.137695 241.557159 228.495636 241.606903
23.146435 37.654125 7.030360 37.675091
402.124573 63.303295 385.823914 63.279633
244.020645 50.382915 227.317688 50.345985
120.556389 352.333923 75.083008 352.159637
142.493851 155.190628 121.849731 155.235001
30.780001 312.057739 12.952628 312.111115
75.642982 311.449432 57.483646 311.492920
149.986786 45.506596 133.165207 45.518246
339.083038 77.778732 322.754089 77.801338
149.060852 84.324341 131.017166 84.303619
212.090485 335.360962 187.497299 335.303192
273.337830 330.111115 236.579498 330.147919
103.759338 71.417564 86.742355 71.414719
376.394806 274.870148 356.482391 274.811127
79.006866 229.721954 59.069702 229.269882
200.254883 125.083611 180.047714 125.081345
189.261795 181.447342 167.523605 181.461334
374.104553 301.423035 353.951141 301.332764
93.232475 278.606323 72.530014 278.675720
390.154877 15.695739 374.352386 15.668960
156.050140 179.761139 134.379211 179.736710
295.803162 9.127995 280.007355 9.159801
180.368484 169.377487 159.107361 169.364044
200.675446 146.417389 179.835541 146.405457
219.048584 182.958984 196.980179 183.053772
361.432373 355.163666 326.178772 355.140228
59.059467 19.536167 43.804611 19.548895
387.414703 80.213806 370.907684 80.204933
42.381218 43.942505 26.367006 43.967018
405.002594 340.251526 381.051971 340.288818
93.339622 152.070541 73.107185 152.103867
342.657074 30.820948 279.832947 26.878538
73.064934 187.780350 40.913239 188.951019
284.678894 245.025360 249.185272 244.855408
380.237885 194.170013 362.481598 194.096603
66.783691 84.345612 49.198059 84.382896
57.055000 47.411556 40.970928 47.432640
55.630486 74.018562 38.441395 74.036545
402.636688 305.991272 382.949249 305.843658
341.064972 55.016323 325.123871 55.057877
146.332474 112.796097 127.496605 112.817078
64.817307 95.812019 46.687077 95.848404
75.357506 223.107498 53.585735 222.224152
389.587769 38.552322 90.215569 21.373846
166.191132 44.284969 149.243408 44.256836
261.470398 28.747562 245.310593 28.782299
159.613388 134.855133 139.937103 134.841202
387.979584 91.641495 371.415894 91.647369
58.321201 37.516232 42.604427 37.531399
414.512207 219.940704 396.463654 219.853775
103.893623 166.696060 83.117393 166.757126
403.791168 39.488369 387.817383 39.468521
108.795937 1.085075 328.881775 15.404135
75.636757 297.043213 56.082630 297.031555
414.818665 88.119125 398.364594 88.106232
376.469452 73.446434 360.193329 73.448151
67.531677 299.807922 48.253708 299.890991
333.591919 129.131348 316.438202 129.184601
337.284912 119.272453 320.474365 119.242966
107.919968 33.288849 91.813690 33.287495
383.184814 339.063171 358.973938 339.008789
134.520996 204.595566 98.357979 204.658371
295.821991 45.188961 279.617706 45.197079
193.245667 152.090759 172.390823 152.072327
99.771782 294.988647 79.726494 295.052307
395.966064 26.283566 380.066406 26.260500
110.463501 133.605423 91.097191 133.640717
356.085236 36.875538 340.382050 36.858658
108.182396 278.884247 86.860497 278.926788
77.041245 128.243774 57.650803 128.272461
262.731262 19.149115 246.847946 19.159739
404.710266 231.480942 386.375916 231.428558
416.458923 40.431858 400.417114 40.403378
358.176941 48.049744 342.355530 48.050629
283.507538 18.405367 267.776337 18.380756
163.331741 122.863922 143.889114 122.871773
179.970032 285.371643 156.028641 285.332153
338.652985 88.623291 322.410675 88.618538
38.266323 19.472099 23.120380 19.487732
144.702972 168.413254 123.524635 168.434219
354.337372 61.078384 338.369171 61.115025
414.395447 65.001877 398.099213 64.986572
32.485004 54.286205 15.929123 54.306583
83.279167 44.737709 67.139145 44.740612
350.290222 107.898560 333.689789 107.900993
99.260048 334.023590 75.673477 334.075714
26.345978 17.076469 11.239684 17.109392
167.964798 163.358826 147.153961 163.410278
71.415924 42.402958 55.491985 42.379196
380.604980 293.816559 360.088409 293.752655
362.116089 25.999033 346.603485 25.998230
112.070175 109.402405 93.570847 109.400024
191.086639 135.263382 170.886261 135.270691
157.673660 54.655582 140.602448 54.632435
270.814362 181.091705 234.115204 181.286270
53.224380 100.385368 35.155903 100.407478
130.571899 141.754684 110.631752 141.735901
141.727539 258.456390 119.025803 258.517517
136.871292 286.662506 115.377098 286.660858
160.131836 111.716682 141.129150 111.703110
132.757126 22.715456 209.757935 26.780901
108.453011 297.144501 88.965034 297.067596
391.407562 303.432373 371.495056 303.275238
380.779266 317.201660 361.424438 317.185272
137.779968 95.477577 119.647072 95.485085
403.019745 279.549927 383.935211 279.493591
157.821518 157.590408 137.192947 157.658066
179.788986 144.167206 159.445343 144.284790
158.084381 170.097168 136.920395 170.078232
155.037491 35.065819 138.411072 35.053825
411.632446 268.480774 393.053894 268.387329
77.553131 77.897049 60.517010 77.903763
100.348167 9.831701 84.887230 9.865636
389.144470 220.084900 371.029022 220.015060
169.305374 152.610931 149.136597 152.472916
89.611298 76.114288 72.513657 76.132103
63.735546 130.570358 45.087322 130.627518
91.178642 99.119034 73.290924 99.079170
53.845833 112.858467 35.608517 112.925766
147.912918 124.054680 128.715225 124.049278
130.743759 167.264954 109.972908 167.328583
356.961090 297.847687 336.358978 298.050934
124.456413 132.702927 105.131729 132.666306
386.962128 244.218857 368.286621 243.998444
128.442215 66.519157 64.418243 65.473068
424.413025 340.867249 400.536743 340.826416
343.886993 42.253700 328.076050 42.241875
365.391327 239.715668 346.339844 239.664154
379.326782 34.990002 363.500488 34.984932
192.276276 337.890289 167.792633 337.917267
73.140617 20.248875 57.798679 20.269291
161.458237 101.290474 95.283722 100.350601
51.337769 136.162659 32.890285 136.175583
316.435547 283.458282 277.893311 283.401276
124.529068 112.114594 106.068787 112.098755
87.223236 189.101517 50.976852 189.057724
312.943420 365.138214 271.422180 365.166138
98.833191 258.751190 78.072182 258.824188
53.182564 283.566833 34.249512 283.629791
127.459770 90.171410 109.719490 90.143654
56.918804 247.226013 38.258770 247.285477
139.323700 346.635101 92.897827 346.808380
173.431442 112.508064 154.351624 112.493347
183.294891 97.961937 164.336853 97.944656
107.209602 153.639511 86.920692 153.668045
66.071037 277.865753 46.722141 277.977020
265.691772 322.474121 229.098450 322.432098
27.288149 29.116165 11.678808 29.169367
27.306925 7.119361 12.624538 7.212314
366.287048 62.177727 350.251648 62.173367
407.106110 50.699608 390.945007 50.691628
42.311069 137.263397 24.519012 137.295380
286.182220 33.047691 270.176392 33.072704
54.094315 198.619431 35.475414 198.736649
351.092682 84.021248 334.801178 84.082642
55.933014 272.112274 37.082214 272.186188
175.540955 60.700836 157.920731 60.665699
70.309341 32.258560 54.502323 32.294693
126.586327 294.094025 105.864166 294.192596
168.666504 253.506500 144.849396 253.597839
121.049454 156.288620 100.703369 156.292175
82.513084 139.673996 62.778671 139.663086
117.233505 268.888580 95.574883 268.951782
300.655090 303.008270 262.509155 302.966522
33.384098 149.461502 15.934888 149.527939
116.269707 57.047401 99.605797 57.029583
380.880402 49.974110 364.883362 49.958443
157.742401 146.499390 137.616333 146.502426
71.746490 115.719048 52.886524 115.726128
71.645630 337.077850 48.392365 337.139893
154.135788 251.528320 130.985062 251.573654
282.478241 42.443501 266.272064 42.476570
112.822929 309.072632 93.306656 309.101288
97.650787 38.793102 81.536316 38.817959
48.615627 52.674480 32.285900 52.720692
114.444672 120.606644 95.568367 120.623116
49.109810 337.386566 26.254765 337.442657
48.266949 312.972076 30.399052 313.122131
169.776962 138.885437 149.808929 138.877518
83.678116 337.139008 60.395588 337.194580
44.630093 153.436066 26.830563 153.497559
179.736954 295.733856 156.201035 295.797485
39.519718 68.585312 22.334414 68.590965
61.741676 341.333252 38.285099 341.454559
180.451111 158.877625 159.721207 158.864639
143.915955 303.990814 122.375069 304.023834
118.184418 76.655769 100.835800 76.658134
76.637299 283.177460 56.671104 283.241608
36.274448 246.522842 18.818018 246.543030
129.313339 265.694763 106.984154 265.749481
378.931000 24.248182 220.647308 14.248965
87.847816 287.967834 67.258308 288.016876
24.458920 122.463615 7.529416 122.511932
137.008820 123.889465 117.968826 123.888664
36.662125 330.208252 14.103027 330.285187
90.358734 240.223389 70.153625 240.287064
83.246895 25.718069 67.581863 25.707399
63.514202 142.032806 44.790817 142.087921
130.471268 254.073868 108.292847 254.147400
63.509186 288.653717 43.994862 288.748383
138.105927 76.983353 120.387505 76.978973
391.801208 338.341034 367.731934 338.259552
115.824257 66.603073 98.847916 66.577766
180.669525 135.467819 160.563232 135.482330
44.259117 265.509064 26.061613 265.584534
95.309639 23.197519 79.674904 23.183733
42.455746 214.032608 24.497829 214.102875
223.576843 236.653931 189.419846 236.945068
86.064926 265.320709 65.729782 265.378723
131.395859 158.347748 111.034142 158.364166
274.069336 286.035645 235.782684 286.006744
87.059532 298.910980 67.649178 298.950958
278.501801 365.944275 238.416138 366.005280
28.450933 74.129623 11.919711 74.175797
83.102036 252.940002 63.144825 252.980804
117.575645 172.828720 96.408615 172.875046
398.931000 218.297241 380.856537 218.217331
253.532471 358.101288 220.155380 357.995117
261.980957 287.961884 224.400711 287.964630
328.513885 285.009857 290.562927 284.980133
163.909775 333.127075 117.798080 333.816193
26.360054 247.009140 9.184935 247.091370
224.378250 245.397415 195.230896 245.549591
58.321167 310.725983 39.992409 310.795319
343.476227 350.553101 311.754974 350.749390
153.061295 61.667873 135.729034 61.655842
189.276215 272.621765 164.882324 272.632263
340.791992 113.308609 324.159088 113.293442
294.398224 31.692122 278.456177 31.701151
95.627693 176.238846 73.889900 179.043961
405.125366 332.145081 382.423981 331.966431
110.749054 38.945450 94.569832 38.956944
290.650818 77.834290 273.974457 77.856796
108.927841 16.289803 93.230064 16.329327
54.496811 63.789780 37.801056 63.810436
360.986115 312.444885 343.828918 312.182098
381.329163 326.665253 360.228088 326.575012
143.853760 135.447739 124.280128 135.485382
138.228088 208.051422 97.661102 207.323669
73.505386 172.419464 52.558926 174.230896
297.163818 297.025696 258.682220 296.931702
405.292206 183.831528 387.708557 183.781342
38.013935 101.223862 20.675119 101.294273
399.317505 296.488464 379.373291 296.381775
367.454987 42.548306 351.638611 42.543209
325.549957 336.604889 289.421936 336.497314
146.361771 276.636078 123.968376 276.735840
291.650330 272.354584 251.901596 272.232697
102.395767 92.790215 84.763031 92.884438
106.703445 48.692390 90.452377 48.701889
54.481728 83.891792 36.808044 83.905197
348.367432 72.210892 332.177032 72.227448
150.756683 95.661682 132.150909 95.605209
