# Control Points File
# Left Image: ylA.png
# Right Image: ylB.png
# Format: Left_X Left_Y Right_X Right_Y
# Total Points: 1035
# Generated Time: 2025-11-26 10:07:58

964.084900 1461.462646 685.453979 1461.102295
936.082397 322.283752 657.111511 321.889008
397.598724 425.145966 118.297897 424.493958
310.961182 1344.754883 32.075909 1344.885132
608.128967 560.559875 323.218781 560.559143
333.688751 1404.610474 55.128834 1405.046143
321.599518 690.490540 42.829239 689.919189
512.486145 313.732269 234.323090 314.064209
843.368652 1185.721069 559.255554 1185.733643
867.303528 1439.480103 588.807190 1439.743164
925.306580 314.713013 646.374023 314.779175
977.931458 58.157242 699.049988 58.344307
926.608215 325.308197 647.427795 325.525818
465.709961 331.333130 187.017654 331.749939
488.108337 482.418243 209.202713 481.845642
358.992004 1196.277466 72.526817 1196.426270
476.925079 432.264801 198.189911 432.606018
549.656250 1249.458740 259.680298 1249.662354
831.442078 832.032776 537.695313 832.474609
427.151947 1426.548706 149.372620 1426.339111
904.494568 1447.259521 626.217468 1447.828125
316.140228 1016.515137 32.690643 1016.232483
321.476807 470.903107 42.110649 471.391235
384.513794 698.305664 104.661507 699.030090
366.952393 522.385925 88.491554 522.483704
552.671143 473.326447 273.699341 472.959656
455.638885 459.284241 176.524216 458.936401
909.109253 326.316711 629.813110 326.555542
469.936829 474.950470 191.030197 475.000244
895.664001 1435.437744 616.889160 1435.867432
905.264954 488.491547 614.742004 487.980194
731.419495 1228.022217 448.902740 1227.640381
294.907257 1003.914307 13.112243 1004.350403
513.634094 592.099792 229.572189 592.097656
942.449341 335.951721 663.046631 335.926514
327.704010 709.097839 49.287117 708.707642
398.489502 877.520264 111.576408 877.953674
815.404602 1249.884888 533.007813 1249.875488
335.333954 1386.147461 57.159893 1386.539307
782.771484 234.001999 504.251678 233.914124
924.604431 297.104248 645.109009 297.087982
522.641907 444.258331 243.581192 444.234497
824.514587 268.494141 546.139893 268.476624
314.919800 1364.239014 35.974979 1364.843140
439.723602 439.444122 161.063232 439.012787
354.722443 481.196869 76.049301 481.116638
328.867188 700.719360 50.283997 700.357117
368.439972 1215.642212 82.863693 1216.135132
523.136047 600.231567 238.596085 600.609253
609.473511 544.544250 326.539764 544.536621
854.394775 1448.915771 575.674011 1449.358398
395.333130 1399.100708 116.276199 1398.876709
341.012543 536.680908 62.045464 537.348877
373.784058 1323.863770 95.336113 1324.207275
851.850891 1208.076172 567.005737 1208.046143
677.943481 319.394318 396.058319 318.685394
332.979034 1311.327637 54.441414 1310.449585
834.344482 439.438995 545.344482 439.438995
325.516327 1375.149658 45.851757 1375.634766
870.350891 1144.508789 584.406250 1144.417358
422.788483 569.837830 143.372849 570.115112
846.592041 449.877472 557.420288 449.477203
496.083160 350.109650 218.173859 350.420807
878.455261 1132.197388 591.038208 1132.117798
897.000793 145.437927 618.742432 145.010010
415.888977 1036.881592 128.951492 1036.364136
445.586060 1348.139282 166.644501 1348.543091
706.331116 119.892944 427.723267 120.613243
391.995575 1327.294067 113.364265 1327.417114
340.911865 1019.811096 58.236736 1019.758057
878.681641 205.202652 599.938904 205.931335
363.650330 691.687744 83.787895 691.905151
977.871643 1127.709106 685.194641 1127.613037
705.103455 582.741516 419.382538 583.683655
906.700439 167.503632 628.428650 167.367996
462.733368 1419.057007 184.704147 1419.364624
946.515259 353.704529 667.675598 353.564484
870.157288 1129.473999 583.939941 1129.354126
720.442139 416.322754 434.831024 416.011139
810.026184 1262.698120 527.620178 1263.416748
384.163879 427.645294 105.407333 428.329590
421.759369 550.035278 142.595078 550.192932
311.801331 751.212463 32.747379 750.312561
524.643250 154.112442 245.588058 154.504089
461.652313 530.561401 182.807571 530.573853
359.558075 1301.446533 81.277786 1301.415161
421.813538 718.027832 141.038513 718.488159
857.516052 255.851364 579.279419 255.443726
806.681091 1302.468994 527.064270 1303.067627
755.274353 262.256287 476.896545 262.250458
746.057068 303.280914 466.534821 303.972168
520.855713 512.044373 241.242035 512.343262
294.715210 650.974670 16.257008 650.952881
331.572113 657.704834 53.390545 657.105835
857.351257 1400.515991 579.226990 1400.428467
314.569733 1397.400635 36.042042 1397.428223
768.779480 83.261589 490.120209 82.862671
427.559784 1358.049072 148.952072 1357.942993
367.830231 501.872284 88.676933 501.983154
897.694763 249.134705 618.588745 248.594635
935.865845 1378.969116 656.706543 1378.777222
632.836792 663.544617 345.035828 662.975769
423.133484 1307.836304 144.080612 1307.496216
625.290100 335.582184 344.903168 335.235840
920.512573 275.053986 641.520813 275.116486
825.173889 823.836182 531.124695 824.473816
483.708893 1445.701904 205.150299 1445.171753
737.827759 1246.749878 455.318939 1247.171387
335.663055 840.432434 52.277908 840.872559
820.024841 671.937561 528.060059 671.931824
359.419098 1160.668701 71.878090 1161.119629
332.929169 814.592224 50.395737 815.182434
855.033142 1411.255249 576.795959 1411.866943
685.095337 1381.886963 396.547333 1382.009399
475.097412 1428.147217 197.099106 1427.651001
297.953094 1385.695435 19.656004 1385.317505
607.546509 381.093353 327.915955 381.571686
831.293762 1322.761108 552.471008 1322.773193
765.152466 71.974457 485.802368 72.143250
973.704041 1230.818970 682.647095 1231.213257
761.201172 289.996124 481.662170 289.715210
874.394653 1432.367188 595.540344 1432.344727
726.544678 597.584229 439.497986 598.341187
886.082825 1432.299683 607.180908 1432.393677
809.830200 73.824074 530.803467 73.616524
447.814545 1340.353882 169.068619 1340.745972
651.226929 562.722839 367.201691 562.116028
576.182800 463.849274 296.020874 463.078522
672.382751 119.965172 394.346527 119.531296
534.319580 512.527161 255.214157 511.940826
893.950317 1330.485840 614.754883 1330.838257
973.741516 29.259165 694.797607 29.145758
837.734375 173.450027 559.710938 173.908386
869.579712 278.005219 591.407837 278.018219
435.799957 985.947815 145.921494 985.993713
459.597351 545.025574 180.176483 545.180054
619.295105 470.739532 335.759125 471.161407
993.042908 218.464249 714.651001 218.498718
946.621887 101.132591 667.760254 101.122658
333.219299 1115.471802 47.163708 1114.849121
737.742615 598.665833 449.872223 599.100891
518.771851 323.821198 240.193604 324.412903
911.804382 877.993591 617.792114 877.985352
373.060120 1203.986938 85.828438 1203.888550
1005.856812 257.487946 727.247314 257.966675
433.960632 1405.642334 155.460220 1405.065186
900.146606 1137.308594 610.278503 1136.801147
580.614929 1400.603882 290.780243 1400.205811
485.963379 1321.032227 205.735016 1321.264160
645.331482 242.048477 365.837952 242.689636
317.605072 706.864685 39.549458 706.394958
523.449768 360.135803 244.555115 360.716888
767.624878 282.918182 487.473999 283.413666
568.656372 563.395630 287.938934 563.315430
960.265747 354.195953 681.667908 354.304535
323.261230 1447.283203 45.035988 1446.948120
892.689819 1087.460938 601.892578 1087.697144
807.831116 57.866032 529.177185 57.732014
616.132324 364.402466 336.714691 364.819946
799.832581 412.651215 510.928955 412.466309
885.507996 714.325195 591.953430 714.746582
656.474731 329.538025 374.535431 329.615143
577.905640 385.430298 298.759766 385.206787
538.979614 886.412781 247.835037 886.218140
863.844604 37.899506 585.899170 37.786808
478.630524 628.444458 195.202545 629.009033
431.916351 1392.303467 153.843155 1392.260132
350.904327 588.796570 72.051331 588.916748
782.309753 71.334747 502.710449 70.993484
502.664886 624.902588 218.164154 624.862305
883.281799 1091.400635 594.143982 1091.483276
1016.551697 1413.909302 737.691040 1414.350220
413.752716 1358.209351 135.355362 1358.726929
851.198608 147.664001 572.680298 147.614212
488.004272 57.217762 208.804642 57.294922
389.542023 1216.541870 103.106445 1216.425415
492.328156 151.828033 213.177216 152.512787
784.974976 1289.056763 505.098877 1289.339966
783.670166 615.383789 495.630615 615.721680
915.779114 284.933807 636.772522 284.492004
699.451904 351.776245 414.697876 351.662933
447.491791 1377.871338 169.434402 1377.917480
952.390503 293.509125 673.363525 292.918762
631.823853 1447.982910 342.315582 1448.149170
747.707764 242.185501 468.840576 242.339554
862.695313 76.626450 583.939453 75.897972
947.553711 1297.631836 660.819092 1297.754761
900.971252 334.541107 621.228027 334.385590
853.197266 1333.657837 574.166077 1334.082520
664.267395 313.235931 383.536865 313.145416
394.683868 1316.961060 115.880745 1317.372559
722.168030 394.394196 436.594879 393.703278
318.936584 1037.322388 34.716091 1036.853149
575.848511 896.293640 283.805298 896.343872
301.605103 582.973999 22.865248 582.703308
305.055328 1356.611450 26.154070 1357.087769
769.141479 350.901550 482.802490 350.238617
345.062012 624.027954 66.344650 624.820740
338.837463 340.741486 60.771549 340.775299
490.417969 456.396362 211.113373 455.986267
788.303894 535.971802 498.522461 536.180237
318.878418 771.527039 38.669868 771.210205
670.777710 91.099823 392.791565 92.000854
408.862610 897.087463 120.521294 896.594299
873.760620 1111.639282 587.234985 1111.284424
456.742279 979.601868 166.548965 979.018433
346.681030 1306.863892 68.634613 1306.360596
748.857727 600.392883 460.415436 600.776062
514.342957 995.963379 222.855133 995.492676
650.407104 252.535889 371.686798 253.106796
926.675720 184.854446 647.669312 185.045898
394.656464 360.426331 116.542152 360.425507
462.358246 183.615570 183.489182 183.444214
515.931580 419.616119 236.519379 419.290527
915.007935 243.936615 635.162109 244.498444
485.444031 353.673615 207.427597 353.964935
360.401459 1033.403687 75.879135 1033.258911
358.342407 455.926605 79.199326 455.809082
302.138306 758.247253 23.203939 757.898071
592.993225 584.034973 307.510162 583.783752
508.133789 549.272644 229.106979 549.308533
564.717651 382.618530 285.540344 383.265991
953.078918 1149.107666 661.452209 1148.135376
592.156616 51.978668 313.459595 51.974415
906.776550 1411.243652 628.205383 1411.554199
392.977051 410.915833 114.570236 411.120850
567.532166 482.054993 288.655273 481.904236
339.920349 1342.232788 61.092468 1342.275879
448.583771 523.332397 170.109299 523.455261
445.208618 1318.438232 165.990189 1318.860840
605.649780 113.176819 326.838745 113.132309
942.796021 1432.063843 663.764587 1432.687622
730.759338 586.820313 443.767792 587.034973
376.075195 509.977936 96.964005 510.314880
800.207642 230.064423 521.495483 229.810196
787.337708 645.660706 497.358337 646.226929
1003.177917 47.308731 725.002869 46.844440
493.159943 1291.554443 210.158768 1291.366333
933.634583 1394.030396 654.996216 1393.848755
944.158447 246.281387 664.870239 246.305237
888.855896 322.316772 610.687683 321.803040
690.740234 692.364441 400.848114 692.111084
525.725403 1262.589233 236.132141 1262.057129
869.325867 188.273712 591.201416 188.312897
903.189819 206.603668 624.473083 206.579742
640.592346 348.747528 359.683472 348.608398
456.935547 615.268372 174.359787 615.225037
915.313660 1449.805420 636.823669 1449.764893
313.698700 671.317627 35.537933 670.772888
553.199097 461.432831 273.812958 460.988770
641.728333 617.434570 354.812592 617.425049
433.281952 1377.504150 155.686569 1377.445313
623.258240 355.132202 343.397919 354.760712
892.429565 1422.016724 613.774780 1422.385132
864.654175 169.109375 586.593872 169.088562
826.200806 607.285400 534.742004 607.473572
918.713989 500.364136 627.779053 500.175842
409.145538 682.185974 127.448746 682.256165
870.135803 680.619873 577.164124 680.620728
1002.272827 1458.403931 723.738220 1458.249268
500.270905 1079.292114 209.266968 1079.452515
1004.600891 1241.967773 712.811523 1241.810181
404.916779 1455.776978 125.688805 1455.631836
304.583618 1278.317871 26.005831 1278.286255
771.195740 612.624146 483.645142 612.604065
894.106384 351.121277 613.486511 350.789093
556.703918 321.107574 278.461548 321.345398
745.230469 257.063751 467.206146 257.581116
948.728638 1449.025391 670.362793 1449.720459
451.625580 1418.090576 173.830780 1418.096924
857.087585 331.892395 577.343506 331.868927
981.901611 1294.582153 692.466675 1294.852173
367.373138 1275.359131 87.998779 1275.614990
739.885925 380.759979 452.387299 380.522583
788.219055 402.316711 500.196228 402.063721
727.157654 385.624939 440.930420 385.153381
897.340576 968.485474 604.189697 968.551819
539.109131 413.533783 259.875214 413.120972
872.765381 263.774445 594.764343 263.773712
530.738708 669.213440 244.552567 669.298157
498.209503 1421.484131 219.967026 1421.330444
821.870605 319.175140 542.465271 319.530945
587.673584 404.938873 306.312531 405.092865
771.872803 234.154648 492.957916 233.983276
873.098267 626.281006 580.973877 626.351929
459.201141 294.289734 180.850784 294.490631
462.824921 918.295227 172.953323 918.183105
381.202942 818.840149 97.290199 819.439575
426.751221 524.113281 148.176956 524.773132
295.848633 1311.293457 16.863441 1310.762451
710.617249 44.925102 432.559937 45.028690
500.483459 1395.753174 220.625336 1395.814331
899.142334 124.313591 620.576294 123.747826
591.163879 646.312683 303.620636 646.033630
702.376648 702.662292 412.803711 702.645264
442.326874 500.247711 163.298431 499.915222
911.329590 109.826683 632.712952 109.195885
356.977478 1228.812500 74.149445 1229.161499
330.411346 1036.648315 45.914951 1036.091309
493.024658 329.636566 214.549240 329.885071
340.329071 691.768494 61.337795 691.619263
709.890625 792.065125 417.131836 792.098450
555.434326 501.115051 276.434296 501.115051
903.354431 196.235596 625.020142 196.108780
994.309021 73.235153 715.397095 72.933693
522.836365 655.375854 237.107544 655.542236
560.225891 1231.860962 269.426147 1231.457642
620.442810 1034.698120 327.485382 1035.414429
826.577942 251.404068 547.996338 251.388077
839.604431 1253.363647 556.193176 1254.094727
316.657959 590.745667 37.742794 590.197632
876.968079 615.636780 584.718811 616.154663
731.968018 334.148071 446.933716 333.665863
448.231689 67.947357 169.201767 68.308784
338.110748 1297.094482 60.078705 1296.583252
320.391052 1352.603760 41.354084 1353.031128
689.686035 341.604309 406.054749 341.362854
742.945251 115.301262 463.368774 115.543640
311.728363 767.799988 32.143322 767.233704
529.899170 783.732239 240.011002 783.821594
912.887817 68.077248 634.849487 68.079681
596.278870 728.602356 306.195007 728.615173
402.684662 259.244354 124.204071 259.399445
488.230774 800.395874 200.685135 800.408081
728.163452 445.799774 442.145233 445.809448
594.871155 956.702576 301.835724 955.870667
490.710663 1103.156616 200.674088 1104.268433
770.531311 65.275360 491.351929 64.885353
406.554932 1082.879150 117.282669 1082.822876
394.388489 451.270081 114.998726 451.259247
532.208557 384.233002 253.023376 384.515320
607.988342 595.375122 321.749939 595.245178
975.437622 1392.137329 696.186829 1391.962158
892.682007 203.172577 614.197754 203.090698
574.608948 542.012817 295.669739 541.454590
526.417603 410.898010 247.133392 410.632904
508.083557 148.781418 229.059052 149.072891
440.083527 381.308167 161.449203 381.009857
935.033997 518.589600 643.842102 518.199402
959.021118 236.722366 679.994141 237.187347
547.600952 612.558105 262.470581 612.565796
664.543396 801.468567 371.609528 801.575989
847.248535 841.943176 553.196716 842.465454
997.081055 208.181015 718.039490 208.031113
460.767273 1191.745605 171.564911 1192.166626
477.705475 786.828186 190.600052 787.255981
700.916992 113.329399 421.297577 113.967041
970.789001 85.126457 692.190796 85.281921
445.348907 1328.329224 166.469147 1328.555908
864.559692 1344.256592 585.365601 1343.838379
807.861755 1272.412231 527.166809 1273.035767
961.136963 1441.546509 682.951904 1441.492920
662.769104 151.274887 384.424438 151.404877
439.982056 1093.951904 150.773758 1093.790894
973.501526 1150.528809 681.551819 1150.401001
285.293335 671.865479 7.161960 671.571167
324.763062 1434.448120 46.625389 1434.218018
297.241058 408.681671 18.770176 409.309143
778.768860 84.590111 500.264374 84.039574
618.996826 758.908386 328.329163 759.191956
293.693207 769.162292 14.139204 769.162476
536.118164 303.959534 258.075073 303.920624
434.659485 1153.327026 145.160645 1153.442505
706.696472 98.804688 427.740875 99.384544
754.162903 1248.621948 471.561646 1249.261841
339.308960 860.436462 54.821632 861.043030
840.151367 285.834717 561.615601 286.227386
818.519470 34.853031 539.919922 34.982613
913.818237 1042.611328 621.413940 1042.301025
729.996521 792.181458 436.951630 791.707642
631.128845 950.464539 337.712036 949.932617
601.683411 1083.046753 309.570801 1083.209717
875.377258 666.269104 582.997314 666.718811
717.818848 1228.659058 435.193695 1228.424683
345.794922 1180.625000 58.329819 1180.794067
925.070984 229.310822 645.948669 230.069336
967.143494 316.860535 688.716125 316.881805
723.910095 532.475037 435.370300 532.489563
467.903992 616.730103 185.304688 616.816223
913.926514 1027.321167 621.295776 1027.282959
418.978485 559.980591 139.813858 560.324829
375.253204 543.478210 96.311119 543.988342
871.759827 1394.493042 592.793640 1393.744263
566.706543 82.668518 288.243256 82.623306
874.638550 1371.764526 595.986023 1371.444824
651.253845 658.340271 363.380615 658.308655
638.387695 472.965149 353.922424 473.341370
649.048584 301.502533 369.635559 301.366943
378.989166 462.561798 99.890762 463.095062
390.955505 472.242279 111.922157 472.509888
945.273499 1395.250366 666.643677 1395.114868
636.576599 272.952576 357.723053 272.280426
615.079163 330.894379 335.202393 331.009613
499.818909 767.672363 211.989655 767.682312
615.032104 1429.840332 325.576721 1429.201660
928.700134 694.147217 635.306030 694.746643
587.503967 656.658997 300.505310 656.219055
801.518677 1050.559692 513.522217 1050.985840
325.913666 1302.132568 47.568325 1301.888428
477.316193 375.372711 198.747818 375.299255
427.315948 1328.886719 148.516785 1329.000610
680.399109 82.311302 402.922699 81.826859
964.758728 210.416519 685.817810 210.606689
880.128784 1046.697632 589.589111 1046.913086
688.352722 418.723206 404.038849 418.798401
842.171997 55.389164 563.722046 56.115280
984.942078 1429.017456 705.980164 1429.592896
612.633057 1006.955994 319.292633 1006.285645
561.698120 1399.204956 273.890656 1399.265625
862.304871 852.630249 567.871033 852.794739
913.585388 26.233297 634.946716 25.833397
341.803497 748.316711 60.852283 748.333435
536.156250 823.997498 246.192657 824.094910
348.225281 1206.403076 63.384453 1206.474243
949.486572 265.883514 670.692017 265.918579
964.638977 1429.608765 685.557983 1429.661377
588.627686 468.702515 306.964874 468.475281
402.837646 1309.024292 123.923058 1308.781372
303.487091 660.494507 25.368744 659.959351
373.637787 691.390869 93.464279 692.052612
1005.538940 1313.677612 716.036255 1313.219360
362.411072 1337.168457 84.668396 1338.043945
423.865051 1277.845581 143.843933 1277.232788
570.732056 987.973694 278.285858 987.675110
716.177795 1206.843506 432.623199 1206.995972
925.383911 832.315735 632.251282 832.869873
550.937805 411.472778 271.197296 411.959656
326.822906 1396.701660 47.983135 1396.963257
538.705505 1009.457092 246.946106 1009.464539
331.441803 591.313049 52.433609 590.955627
826.147644 912.882324 531.849426 912.999817
963.686523 1155.240234 671.706787 1154.772827
318.531921 730.995300 38.794472 730.568665
575.064392 715.196899 286.036591 715.496643
403.309052 1297.308716 124.633102 1297.228027
967.586914 1138.322388 675.874817 1137.843872
493.486572 1446.791382 214.971024 1446.748779
925.023132 1057.663330 632.782410 1057.642578
990.364624 1235.611206 698.783020 1236.132813
908.285217 1274.273560 623.680176 1274.001587
1004.994324 412.649841 725.348999 413.038422
980.535950 1204.518555 688.550903 1205.054810
889.218811 990.715027 596.133606 991.103821
438.962982 1190.087036 149.568314 1190.182251
923.433716 147.153900 644.447388 147.148666
945.221069 203.121506 665.947021 202.822891
973.201233 217.831085 694.691528 218.278152
645.293213 225.556259 366.169281 225.738556
392.880920 1347.197266 114.908524 1347.551880
494.589722 1240.484131 209.624466 1240.661499
328.622162 1155.344116 42.375660 1155.362305
856.708923 618.183716 564.654297 617.804077
318.194458 1176.590698 33.034592 1177.387695
410.207520 1429.963501 131.442795 1429.989990
812.755371 423.977905 523.188904 423.351013
576.854370 1334.620972 287.439026 1334.751343
926.495178 1078.417480 634.246765 1078.331055
603.380615 809.230347 311.332764 809.174011
346.933929 549.458984 68.048157 550.005310
650.083618 975.077209 356.727051 974.532654
485.880951 1346.607788 205.811951 1346.850952
683.250000 458.195862 396.790955 458.317596
518.304260 1250.526978 228.970566 1249.976563
475.152161 1036.957520 185.146057 1036.642456
996.278687 561.324524 704.320251 560.707153
401.632446 1329.598999 123.475479 1330.220459
598.884033 772.872253 307.214539 772.349304
937.404053 696.862488 644.053589 696.557678
820.156860 131.440704 542.115662 131.275497
818.423828 45.027233 540.024353 45.287048
778.909363 901.779724 484.034332 902.200806
717.188416 258.729034 438.712250 258.720490
856.775635 1169.203979 570.926880 1168.588745
388.957428 558.626709 109.576073 559.008728
634.379089 435.447296 350.254669 435.422485
992.574402 196.074905 713.686707 195.490234
733.299072 946.532715 440.129547 946.940430
679.078308 580.720276 394.080566 580.208679
541.963257 1091.212769 249.974731 1092.140991
510.315155 111.878517 231.348877 111.757385
487.565460 1152.631836 196.596786 1152.822510
523.733643 1310.620605 234.404648 1310.821045
560.982971 1322.143188 271.237732 1322.219849
887.939209 267.169708 609.652527 266.892334
694.213928 234.399155 415.045685 234.841202
985.660339 27.426697 706.772522 27.551987
837.030945 684.384155 544.464111 684.781494
967.167175 363.873474 688.187073 364.184021
922.710144 1087.369507 630.839600 1086.986816
887.501343 157.724731 609.015625 158.339615
342.480133 1258.789307 64.013641 1258.618896
908.832275 264.936249 629.659607 264.465515
360.647858 799.120239 77.896118 799.569214
564.602173 1201.677490 274.331909 1201.406006
807.281006 33.620094 528.705994 34.574753
548.192017 522.844299 269.921600 522.531372
860.909607 1382.207886 582.080994 1381.528320
670.127625 1006.736511 377.267761 1007.502625
664.344971 1035.120850 370.906891 1035.657349
415.740936 1227.194092 130.041031 1227.156250
668.273865 906.884277 374.050385 906.928650
955.227295 1408.533325 676.716187 1408.626465
493.796082 1435.858521 215.638794 1435.669434
408.010742 510.555206 128.663406 510.561798
514.139282 928.857178 223.623642 928.820801
513.137573 170.387375 234.536530 170.171295
770.233643 95.433113 491.581726 94.901512
606.470093 410.998688 323.807953 411.524689
396.642609 542.272705 117.611099 542.091064
989.756958 495.718842 700.533020 495.883789
514.122375 976.648987 223.051590 976.246887
544.193665 290.019012 265.495758 289.926727
343.304810 505.092896 64.052055 505.722931
825.178833 301.700592 546.992798 301.756256
652.341919 876.925537 359.364014 876.879395
324.538940 619.359131 46.082790 618.880005
559.032654 615.410034 273.645874 615.446106
627.759338 124.438332 349.386292 124.391792
933.041870 77.578438 653.851501 78.019234
800.367493 51.084270 521.397461 50.701237
569.665039 137.296600 291.123138 137.436172
982.752869 879.578064 690.241699 879.515564
433.609253 332.836823 155.182831 332.910370
526.386108 1055.695557 235.116806 1055.596313
473.794220 1437.510986 195.764557 1436.769165
647.435242 713.512695 357.178589 713.025879
628.790771 302.473663 349.759308 301.995972
631.694458 227.422211 353.239197 227.559341
590.565735 307.368408 311.553986 307.107666
416.189117 1134.966675 126.670364 1135.254883
670.750427 1043.038452 377.348724 1043.802734
533.651917 684.312256 246.236710 684.395325
1006.518738 1443.216064 728.110657 1443.027588
679.894348 996.997314 386.156372 997.358154
988.917236 1176.677856 697.301270 1177.406860
990.534973 1246.167847 699.004822 1246.630615
568.313782 848.026550 277.090515 848.226929
576.652466 684.289124 288.021423 684.735840
643.269775 1017.466370 350.221497 1017.515442
534.124023 1442.110352 254.792542 1441.543579
512.092163 702.252319 224.825119 702.284058
868.813354 458.948792 578.715759 458.641907
818.073059 627.383972 527.342102 627.651489
573.909180 829.064880 282.398193 829.073792
611.686951 285.389771 332.178619 285.546814
480.209869 966.192627 189.346756 966.155701
437.904236 1438.357544 159.798645 1438.081909
311.243988 1316.222656 32.215382 1315.827271
493.046295 74.280266 214.441574 74.815582
790.184998 1338.922729 509.228394 1338.859375
638.814331 976.756165 345.652008 975.827209
909.885498 129.520233 632.025085 129.120758
584.227905 1054.612061 291.770020 1055.080444
491.536499 1407.932373 212.422379 1407.809937
844.879456 1199.146240 560.770935 1199.007202
331.670288 240.551926 52.698277 240.181610
949.281494 661.403381 656.167908 661.138977
999.998169 1214.359131 707.730713 1214.282227
616.799805 710.619995 327.302704 710.654968
1014.105042 242.366074 735.101379 242.832977
740.553467 1012.335938 449.540710 1012.652100
626.260742 929.200256 333.547974 929.128601
1006.092346 133.174744 727.894592 133.506973
293.039825 1280.397705 13.577499 1279.962769
304.754700 1032.669800 21.019779 1032.951538
855.746277 676.222412 563.388367 676.223450
949.981384 156.508682 670.873718 155.812149
394.552765 1034.274048 107.984825 1034.353760
577.872437 73.137924 299.222260 73.192245
761.242676 487.349335 473.564423 487.221130
684.927673 72.638794 406.207062 72.661400
584.245789 1043.506104 291.678314 1044.603516
1004.231873 399.196075 725.640198 399.333649
905.901001 1067.210693 614.008179 1066.781250
396.153717 1074.939331 107.627541 1074.845337
1009.095825 293.801575 730.075806 294.595062
582.191406 522.724670 303.962891 522.253967
749.040100 1047.594238 457.982819 1047.929932
423.519379 994.149414 134.482498 993.972351
610.448303 645.322510 322.767639 645.518188
648.828857 900.917908 354.944458 900.593384
938.157776 635.252991 644.896912 634.801331
748.103638 476.217773 461.984100 476.817413
569.217041 369.564545 289.799500 370.120148
540.061707 699.603943 252.285828 699.486633
364.377350 362.263123 85.861069 361.803284
499.711121 479.406647 221.091675 478.972198
1010.760559 165.970184 731.953918 165.927933
819.210754 575.448181 528.581787 575.479370
555.726196 994.380371 263.668823 993.785034
352.510345 576.683716 73.953545 576.606445
974.587952 327.478241 695.969910 326.896454
952.130615 991.750000 658.594421 991.472839
322.245453 1287.350952 43.863804 1287.398682
983.342041 316.072052 704.832275 315.423767
468.269714 43.112019 189.295074 42.996426
530.020630 527.294006 251.470535 526.635986
622.970154 1067.731445 330.810822 1068.424316
825.549438 553.829468 534.568787 553.841736
704.305359 277.158142 425.334412 278.024841
538.046631 1322.491089 248.767761 1322.967651
507.414795 1071.996216 216.286758 1071.234741
444.905701 944.975037 155.277618 945.399963
505.187500 407.472321 226.112640 406.977081
590.985718 1064.486450 298.644257 1065.058105
410.345123 1195.868774 121.534286 1196.386597
916.590881 305.294922 638.120483 305.274261
591.002808 1017.950378 298.779358 1017.365173
574.806213 917.204407 282.452332 917.356079
558.168823 977.687561 266.581604 977.077332
543.439148 900.895813 251.612289 900.511841
294.714172 434.246826 16.779396 435.084900
310.986969 351.198456 32.605865 350.709930
434.712921 865.295654 148.013794 865.707581
844.584961 139.778030 566.254578 140.200668
449.080536 1072.293945 160.334259 1072.347656
814.471863 887.074585 520.152771 887.156372
970.048157 1203.675049 678.085938 1204.092285
612.293701 772.909729 320.390747 772.923828
953.796814 218.537720 675.318542 218.525085
745.117004 441.502319 458.965454 441.602814
962.328003 94.634903 683.504395 94.580757
409.084564 1115.385864 119.847359 1115.397827
859.417419 1322.141357 581.031372 1321.783691
636.512512 148.507172 358.300812 148.040390
563.694092 906.349426 271.488739 906.295166
574.762695 1290.737061 284.571198 1290.914673
478.916321 110.671867 199.811111 110.921394
722.281799 663.161926 433.198517 662.913940
690.898804 85.714584 412.774841 86.523865
527.705994 1088.601196 236.253906 1089.149292
499.519196 642.124451 214.470016 642.132324
720.856201 1256.163696 436.909302 1256.898560
945.483887 183.487900 666.721924 183.351105
1014.042664 1402.337036 735.419067 1402.737915
315.861908 605.231873 36.911861 604.793518
726.999756 1212.784546 443.399750 1212.087158
851.468140 158.207199 572.890686 157.911835
832.895691 1076.328369 545.348816 1076.349243
477.189819 921.082520 187.299835 921.195557
288.879944 599.952393 9.880801 599.914124
829.317932 207.883621 550.557495 207.650223
1016.035767 325.535095 737.553345 325.199768
517.086182 829.016602 227.305923 829.017822
330.566132 1232.771484 50.479534 1232.512695
724.659973 614.478271 437.608551 614.588989
868.181946 571.999084 576.219543 571.993896
694.089661 1017.325562 401.591248 1017.716248
846.459106 618.377319 555.046143 618.204651
663.149292 690.129517 373.260590 690.120728
423.808502 513.277893 144.289383 513.553101
881.660278 755.863953 587.903320 756.264404
947.471008 965.624695 653.911560 965.217773
972.221008 748.417236 678.110657 748.583618
673.444153 624.199402 385.956909 623.714294
629.385376 802.860413 336.959564 802.327087
465.119598 978.497437 174.599396 977.808533
662.336182 781.206665 369.534790 781.417114
475.046967 1291.624756 195.038208 1291.095581
905.658997 1092.636230 614.834473 1092.087769
615.603638 791.051941 324.095764 791.492676
714.576843 604.399780 428.202972 604.869690
346.424194 609.583984 67.911835 610.163147
831.630249 448.829132 542.484070 448.819885
742.795898 274.445587 464.286102 274.949188
324.267853 677.140808 45.727768 676.812744
364.280457 1089.018555 76.201469 1089.034546
781.440125 453.431519 493.438416 453.512573
968.935181 292.934204 689.622925 293.003082
350.852081 1389.830566 71.955399 1389.683350
608.048767 305.504242 329.172668 305.658264
834.020020 1062.012573 546.612488 1062.052979
676.872681 1424.973877 388.088928 1424.713989
914.743958 57.379265 636.689514 57.391525
389.547485 1417.397705 110.113747 1416.892822
724.289612 711.111633 433.832001 710.606995
788.306519 239.932007 509.452728 239.974121
1006.704895 1423.402588 727.693604 1423.439697
612.262939 947.225342 319.283539 947.093140
886.316162 489.755249 595.847961 489.806274
555.773987 581.154419 272.495087 581.120544
423.275818 1048.261353 135.503845 1047.804077
442.684875 975.202637 152.962128 975.448120
520.572327 522.826538 241.981323 522.740295
600.064270 396.485413 318.988525 396.842926
446.954010 1164.433350 156.988342 1164.981567
354.123657 729.712830 73.300720 729.964111
990.946228 835.681335 698.203064 835.644165
293.010010 519.421326 14.331725 519.192261
914.842529 1377.507935 635.933838 1376.892578
958.350525 1068.521484 665.776306 1067.945801
421.913422 980.812134 132.435959 980.560669
888.437134 678.170532 595.424194 678.583679
675.624023 786.249146 383.234131 785.698364
809.948242 306.864441 530.712402 306.749329
738.585205 448.766907 452.237885 448.887299
489.577576 496.279755 210.531998 495.764282
986.983337 329.897095 708.088318 329.301727
884.361511 399.303925 598.207520 400.038818
386.344727 965.115356 96.981445 964.997681
461.973267 678.551636 176.986969 678.548950
411.438416 787.132874 127.127769 787.091980
808.727661 969.870361 516.804932 969.986206
813.905212 704.019958 521.909424 703.997009
521.472473 1034.848145 229.753906 1034.250000
554.868225 705.660034 266.808777 705.677856
972.318665 72.409164 693.286316 72.558990
878.623352 847.157288 584.555176 847.566650
975.240967 860.340393 681.635254 860.550720
968.345093 542.429138 676.884033 542.381165
429.589203 790.957581 145.041992 791.263123
364.362366 1174.758911 76.312889 1175.498535
505.710632 467.181580 226.149033 466.887451
766.378296 1016.501587 475.981262 1015.859192
403.995605 451.052338 124.932709 450.992615
486.290100 897.109009 196.112839 897.704285
666.620972 503.848083 379.642181 504.096161
775.127258 268.146393 496.694214 268.116150
614.153931 745.248352 324.147858 745.309937
643.048218 32.665462 365.003174 32.596653
911.779053 600.836060 618.713135 600.638062
897.170715 979.471863 603.803406 979.215088
983.978577 37.161217 705.172363 37.119591
856.235352 557.000916 564.237732 556.575378
467.529053 852.738525 178.937927 852.744080
575.910767 1309.885742 285.761780 1309.916992
588.731262 780.074219 296.727264 779.502197
392.266418 1358.594238 114.251358 1358.710571
656.914063 1404.768188 366.430756 1404.159424
692.214661 144.323624 412.844666 144.138168
509.686707 1082.129272 218.674194 1082.174194
959.838928 822.947693 666.711792 823.021118
517.979431 428.588867 239.302490 429.155457
422.259613 288.917725 143.505829 289.377991
641.376770 1044.229248 348.215820 1044.216187
925.270325 721.988403 630.758667 722.289124
865.524170 715.259766 572.160278 715.281372
820.915955 430.342072 532.005554 429.966339
685.485352 919.131348 391.510284 918.619690
751.665955 456.795715 465.150543 457.062408
547.025757 760.153381 257.574646 760.011658
575.926331 1359.664551 285.883484 1359.471436
290.790192 289.250061 12.053813 289.118347
998.255249 318.062927 719.639526 317.471039
525.640381 466.018555 246.031219 465.729675
503.715179 163.042038 225.508530 162.875351
924.156189 672.594238 630.792908 673.050476
554.561218 654.624939 267.776428 654.475525
459.565063 1342.380615 180.608292 1343.067993
436.594971 846.835144 150.502609 847.348145
584.225769 623.768005 298.362854 623.422974
821.298645 649.252991 530.303833 649.271973
711.395630 1000.897339 418.814270 1001.323914
958.236755 186.366974 679.408386 186.303497
505.684021 130.749634 227.071930 130.839844
838.306519 296.847504 560.185364 297.106598
916.099915 822.648071 622.601257 822.676270
467.692871 1007.010803 176.859985 1006.475281
561.115906 245.657425 282.801758 245.688370
422.379822 917.124512 133.443695 917.168884
589.601990 917.156006 297.002960 916.538147
807.374268 616.005676 518.104126 615.940674
852.222168 1420.530640 573.377563 1421.195313
847.219360 704.569458 554.285889 704.443481
795.991028 617.624695 507.306152 617.978333
567.138123 964.900635 274.791382 964.745361
529.281067 927.901428 238.193237 927.938721
392.218445 65.548401 114.055626 66.021744
314.191956 719.870361 35.731792 719.330261
837.543884 253.236969 558.981995 253.318726
456.933289 1145.925903 166.170654 1146.497925
629.924927 938.089172 336.814941 937.892456
628.966187 261.833557 350.049744 261.349457
337.655731 498.692963 58.628506 499.347107
926.685120 1355.233276 648.223572 1355.154297
735.275574 624.019592 447.293213 624.496887
472.856720 895.887268 183.526230 895.928650
678.577881 833.072876 385.457428 832.612122
906.365662 920.863281 612.386230 920.722168
414.988464 1318.148804 135.993378 1318.837891
400.206696 499.757233 121.209473 499.686707
692.310364 1004.937134 399.526459 1004.960388
458.509491 590.754578 176.403717 590.816650
479.289520 1273.395142 197.523788 1272.914063
515.176819 908.097900 224.096466 908.078125
874.274292 1074.658691 585.314331 1074.621216
738.196167 58.318726 459.114014 58.170284
555.959351 1309.581543 266.646484 1310.040161
392.387939 1201.453613 104.355537 1201.433228
737.796631 85.687119 459.264221 85.671806
616.582581 175.247604 338.422760 175.740341
569.957397 1314.909058 279.895142 1314.960571
308.310852 593.783936 29.469414 592.859253
375.973206 1188.447754 87.564789 1188.732422
669.616882 405.397064 386.670959 405.000671
496.430359 1313.184326 213.339508 1314.010986
880.218811 1199.148071 593.671082 1198.754517
381.391479 447.699036 102.313507 448.186188
595.846558 442.704285 313.416656 442.885376
446.398895 1199.554688 158.824539 1200.155640
911.281067 157.002853 632.616943 156.998566
567.302673 473.333893 288.247314 473.514618
732.617798 298.191803 453.576508 298.535950
363.284393 1380.414673 84.787003 1380.632202
512.488403 514.099854 233.173828 514.044434
750.747803 93.428696 471.929596 93.681107
340.610565 564.682190 61.962914 565.315796
517.924316 541.170288 239.082565 541.415222
488.080536 1417.780518 209.816971 1417.432495
373.209869 1227.876343 89.114075 1227.798096
430.123901 453.801361 150.743683 454.198669
863.706543 320.162903 585.070007 320.528503
594.542175 463.760345 311.903839 464.177826
696.510681 132.528763 417.775909 132.156799
574.719849 244.489075 295.933136 245.271515
822.241272 794.794495 528.946411 794.840027
381.907471 1367.483154 102.979225 1367.316162
326.201599 1258.904175 48.150856 1258.642456
574.353638 636.053467 288.260956 636.062866
509.870453 954.525330 218.308243 954.213623
650.222290 946.886841 356.379089 946.441956
679.229492 292.423248 399.205322 291.801788
580.306641 392.203400 300.702423 392.121979
333.960907 1421.972412 55.191502 1422.229492
869.130676 232.601593 590.957153 232.175644
456.297974 519.323914 177.520248 519.283936
520.408752 1112.427979 229.066376 1112.416382
354.019104 810.968933 71.114403 811.277100
945.397156 522.143005 654.528137 521.724670
488.519745 621.636597 204.877731 621.657837
747.075684 650.506836 457.987091 651.522827
556.641479 954.318909 264.603149 953.923462
336.088837 1364.572021 57.297298 1364.772095
344.775330 1288.830444 66.799309 1288.611206
672.110474 68.637825 393.723663 69.398491
440.547333 600.607361 158.256729 600.474487
957.946289 251.191940 678.225220 251.471756
483.686462 1012.179260 192.778976 1012.036926
563.214172 549.459167 283.748657 549.630310
833.543884 635.566040 542.246887 636.081177
886.176819 1358.694702 607.996582 1358.669312
434.605804 1076.503662 146.310944 1076.064453
500.055359 1051.838013 208.668762 1051.746216
935.566589 1131.410278 643.962402 1131.523071
777.980591 674.316589 487.423004 674.795044
460.130768 761.746582 173.528976 761.891602
904.933899 1050.084106 613.146118 1049.645630
440.616577 746.993347 157.086838 747.483154
329.572418 577.949402 50.976707 578.388062
715.697571 1008.482422 424.236298 1009.083069
565.621338 692.236755 277.064789 692.256897
923.602356 276.333496 644.791809 276.370178
521.066101 1150.451538 230.292023 1150.424316
479.801666 771.700317 192.808807 772.196289
866.594666 343.442352 586.875488 343.691376
836.960144 535.503418 546.726074 535.906860
855.625916 1110.608398 569.406372 1109.979980
699.206726 441.403595 413.670868 441.743469
378.722473 435.511200 99.862701 435.742126
436.120209 295.872253 158.066940 296.801727
466.318359 117.660675 187.681183 117.919548
608.304810 751.618286 317.984680 751.637268
882.857849 692.757385 589.589661 693.234192
546.012451 263.758087 268.184265 263.433258
812.791626 294.786194 533.619873 294.682922
853.582275 211.790482 575.563599 211.875732
568.356506 924.374084 276.470428 924.460083
598.914246 839.161743 307.345612 839.083862
845.556396 1039.931396 556.511230 1040.408569
652.021484 535.970459 367.845947 536.122070
634.230591 396.248596 353.118378 396.249207
638.568359 839.856079 346.166718 839.429565
601.512207 878.454773 309.865082 878.616272
526.536682 321.599396 248.195847 322.103241
782.152710 57.787022 503.097443 57.417187
899.916321 1309.834351 618.440308 1309.922974
646.314941 321.157471 365.435272 320.965424
617.859497 129.220520 339.658539 129.248505
957.938354 558.594482 665.784668 558.359802
518.670776 804.862488 229.650375 804.979004
513.270264 1029.093750 221.590622 1028.683472
932.699097 302.842987 654.368530 302.223602
545.352173 445.360870 265.905701 444.834991
969.523682 1389.081177 690.137817 1388.840088
428.371429 942.756042 138.843048 942.762634
521.037537 68.013062 241.715942 67.785828
648.003540 1018.158997 354.945282 1018.633606
374.403961 741.889832 91.544876 742.086426
352.932251 1063.734863 66.523987 1063.713257
557.304749 799.290710 266.782806 799.386475
655.972229 353.890564 373.221436 353.926422
947.831177 1107.611450 655.969604 1107.344971
429.861694 346.522522 151.882523 346.458984
703.687317 72.394455 425.478333 72.680832
368.365448 412.964569 90.063103 412.988953
541.980652 849.320129 251.684891 848.782776
560.636597 419.496277 280.250732 420.243988
394.610718 992.431030 106.856636 992.513855
579.062622 845.648621 287.891113 845.799011
807.304077 246.852463 528.132385 246.311188
815.973145 87.870560 537.586609 87.433128
827.730835 937.299866 534.211975 937.374573
583.235535 716.696716 294.089508 716.133179
565.754333 860.977600 274.245911 860.940979
708.963867 902.602600 414.288635 902.385559
488.511932 649.303711 202.971130 648.875854
504.646545 992.247681 213.300781 991.681396
564.129517 1060.103027 272.229675 1060.538208
820.674500 983.676575 529.677856 983.763977
457.949738 955.820251 167.597443 955.532166
477.832062 172.830994 199.059601 172.561142
492.596161 547.948669 213.183365 547.768311
647.534363 278.808105 368.471893 278.390564
667.482544 673.541138 378.856628 672.977783
343.244080 149.748627 64.013863 149.817184
366.566315 1346.757324 88.594032 1347.114990
1005.431885 445.715881 722.913574 446.130219
788.648010 499.242950 499.882446 499.168213
966.090637 132.663132 687.730591 132.465500
519.762268 758.738281 231.734116 759.179626
411.904205 248.281311 133.210480 248.557266
428.910309 884.513367 141.685745 884.792358
700.609314 1259.795166 415.697021 1260.216187
1005.840454 182.737381 727.633850 182.535278
601.167725 676.991760 312.791504 677.017456
816.689758 449.353821 527.766785 448.899872
738.026367 815.781738 443.988129 815.387146
400.835602 1427.950806 122.473747 1427.834473
897.470459 1009.385254 605.379761 1009.249390
516.580627 1336.349487 229.860535 1336.225098
422.865845 1190.006226 133.393066 1189.592041
672.246277 733.171143 380.871826 732.757751
788.618958 779.775391 495.212189 780.262756
649.309753 439.028809 364.995453 439.377014
997.021729 491.454620 708.018677 491.715332
403.225250 834.189209 118.037781 833.343628
613.839294 1404.905396 323.963104 1404.147461
511.873566 633.405518 226.669510 633.676636
850.550720 974.350830 558.048340 974.834595
667.009583 863.302856 373.269012 863.388123
948.499268 1018.643616 655.461792 1017.948914
905.309937 692.627197 611.956299 692.534058
306.359222 376.243042 27.440826 376.368896
1000.888489 1265.752930 710.136658 1265.573975
482.688110 389.029999 204.046890 388.575562
639.095215 1305.538696 350.086151 1306.104126
941.829712 737.242859 647.751587 737.016907
482.032318 944.047791 191.539307 944.065125
757.256409 515.085876 468.486450 515.048950
558.967102 778.672546 267.781708 778.752197
949.416809 161.125275 670.285767 160.616684
647.030334 1227.850952 359.684784 1227.104004
489.596893 358.780060 211.626038 358.731232
839.707275 1329.250977 560.790771 1329.317749
900.293518 233.940857 621.376160 234.004669
445.574707 494.058899 166.507385 493.535553
457.435699 1173.364624 167.598358 1173.951294
799.868713 1058.336670 511.766205 1058.672119
472.068604 550.912415 191.924088 551.215393
664.957031 307.025604 384.673004 306.917114
401.600464 1037.913452 115.107338 1038.061035
503.692596 429.527771 225.033752 429.072662
480.495178 1360.649170 199.839493 1360.605591
759.436340 446.854370 472.748627 446.512360
528.466064 274.572540 250.363892 274.842377
841.230347 664.486938 549.776978 665.034973
863.530396 632.598328 571.520020 632.560242
934.381531 1373.612183 655.203613 1373.650391
449.172028 1034.219360 159.917892 1034.310303
500.426849 715.408447 213.165146 715.294006
522.277527 579.421509 239.130310 579.815063
557.143799 543.487000 278.203979 543.537292
933.712097 1190.859985 642.730286 1191.460693
661.242493 1218.357422 374.189575 1218.148315
700.964050 255.324448 422.424133 255.770752
683.649414 487.943390 397.181854 488.025482
937.868347 198.139191 658.707336 197.997787
587.755981 1338.570435 297.748322 1338.847534
509.940857 1187.822510 218.635620 1187.671387
813.472717 512.937439 523.502869 512.547668
712.781494 519.312866 424.830505 519.576599
554.820251 143.546188 276.181396 143.759033
449.649475 604.000671 167.385376 603.883362
946.452087 120.587608 667.191650 119.910309
758.541992 1066.518188 468.240997 1066.890869
778.706604 303.122498 498.132660 303.591095
586.915527 195.141754 308.114960 195.197769
624.192871 695.393555 335.326538 694.866333
832.963013 215.447418 555.094116 215.212646
660.654663 220.557953 381.744385 221.126511
475.072449 1120.435547 185.088150 1120.725464
546.951721 76.675232 268.457428 76.028976
420.731018 811.710938 135.612244 812.079956
608.074585 237.012833 329.512054 236.911224
369.193054 933.334534 80.858452 933.109375
383.953400 326.055084 105.060387 326.086884
398.671204 403.943878 120.386108 403.263123
468.262909 968.932983 177.895523 968.700317
422.152832 324.498047 143.741074 324.177307
372.659973 731.270325 90.730598 731.832397
433.661530 934.218384 144.751282 934.526245
326.742310 910.396484 39.294960 910.498352
825.905823 1144.730835 540.332703 1144.445313
899.934631 408.682526 613.708740 408.757965
844.300903 889.357178 549.408325 889.619141
639.706421 643.651062 351.864166 643.285461
322.338531 282.320404 43.452641 282.005798
512.303955 55.637730 233.246597 55.359917
435.639282 1132.012451 145.199341 1132.303955
824.504211 453.559601 535.316833 453.149475
723.636108 1313.942383 439.501343 1314.477417
647.930725 446.627625 363.555847 447.024078
408.292877 758.778992 124.774712 759.149780
350.436951 350.136749 72.019150 350.115662
741.212952 219.758530 462.737885 219.967972
531.985962 1051.985718 239.831985 1051.667480
418.739716 524.192932 139.858368 524.508850
592.597168 319.619751 313.181152 319.291473
928.311951 1126.041138 636.507324 1125.770020
471.710266 1047.254883 181.256653 1046.720093
472.166565 1343.760010 192.658432 1343.727539
743.601440 1255.071167 460.612915 1255.443726
333.967438 809.928162 51.961262 810.408630
566.101135 242.146240 287.922974 242.234039
783.055115 488.648773 495.239777 488.677979
455.086182 864.279236 166.992752 864.080688
383.229248 1033.687500 97.301750 1033.533203
607.892212 894.150635 314.172974 892.691711
342.855438 360.834198 64.313568 361.120026
639.924316 1320.469727 350.931274 1320.990723
609.810120 706.364563 320.578491 706.293579
472.878540 151.664932 193.837280 151.172882
880.409424 1007.704102 588.523682 1007.867371
944.824829 752.622498 650.781799 752.471863
822.971191 727.471313 529.384460 727.675171
