# Control Points File
# Left Image: N1.png
# Right Image: N2.png
# Format: Left_X Left_Y Right_X Right_Y
# Total Points: 389
# Generated Time: 2025-11-26 21:59:29

18.832163 306.291046 37.915005 306.216003
342.494598 342.479858 363.602417 342.494080
12.434484 324.877899 31.729784 324.810120
162.501953 60.798069 197.855804 60.818813
314.852631 172.580765 334.256561 172.637573
384.265900 190.485550 404.145844 190.518631
19.780500 270.452820 38.530235 270.360809
376.678162 102.135490 396.092010 102.169624
365.823486 243.060150 386.046112 243.146027
367.089081 175.987030 386.744446 176.003708
356.183990 219.731918 376.109985 219.758118
342.594849 281.066895 363.022919 281.136505
128.684143 163.212311 147.442566 163.154541
369.033569 13.236832 388.098267 13.274537
335.293396 35.761127 354.242493 35.737137
366.869843 220.845825 386.898743 220.880112
85.006691 189.643295 103.676498 189.587631
384.503998 255.088516 404.900085 255.122818
295.015259 212.736557 314.554535 212.791794
370.567230 87.730759 389.880096 87.764099
349.152130 177.631546 368.748749 177.678986
304.229126 32.237717 323.011749 32.205570
19.642645 235.441345 38.095970 235.349655
343.148743 240.708252 363.193420 240.763702
354.551239 101.893692 373.857849 101.869240
346.355286 315.662292 367.140167 315.718079
374.311981 74.370705 393.632202 74.370720
360.576752 251.382599 380.832336 251.449722
366.621063 231.818237 386.762207 231.894424
263.081604 211.962875 282.615753 212.064240
17.337114 340.933258 36.813103 340.904236
171.140610 60.328438 206.572296 60.293072
363.014923 75.768227 382.288666 75.789459
247.854019 151.194489 266.830170 151.159378
305.078705 6.246340 323.806671 6.221583
369.110809 112.467865 388.597229 112.448807
273.428040 46.002415 292.116028 46.007626
87.456528 124.160332 105.831467 124.092178
260.567688 22.755280 279.166199 22.719812
305.943939 19.816650 324.714355 19.769773
303.726501 71.199730 322.649780 71.156143
82.232574 75.661316 100.500153 75.576927
369.291687 59.725117 388.507538 59.735378
301.168854 85.150703 320.096741 85.129707
278.398651 202.387024 297.887115 202.440720
17.816952 169.771317 36.061699 169.704956
366.351349 193.070389 386.174988 193.120712
41.136383 127.066925 59.337574 126.982582
317.350281 74.277222 336.366943 74.256279
10.300516 248.806107 28.869530 248.699005
385.256683 237.284592 405.528168 237.338440
332.905090 308.431885 353.605316 308.486053
303.160217 140.681473 322.372681 140.626694
279.801056 177.022888 299.114410 177.005066
371.863129 340.070251 393.018188 340.083588
300.934814 110.937851 320.019623 110.911766
263.782288 49.790054 282.413757 49.740032
346.372925 77.595551 365.560852 77.546082
121.166611 146.005020 139.750519 145.970856
270.760193 79.786880 289.505524 79.767395
231.688461 169.880417 250.682510 169.871933
67.987038 25.477592 86.029724 25.427855
39.056152 204.911255 57.423252 204.878204
337.350586 104.306244 356.551239 104.295738
75.656281 128.813156 94.038574 128.722397
386.483459 314.792603 407.470520 314.822815
313.130005 112.431572 332.283966 112.409592
366.809235 202.749924 386.665955 202.789368
89.784233 176.442993 108.357109 176.388519
18.156046 121.213860 36.239746 121.101601
335.990356 207.998871 355.701721 207.996338
58.451744 155.843857 76.842514 155.694839
218.017517 188.729584 261.976837 188.787216
377.827942 84.362259 397.179474 84.401596
48.185799 67.066360 66.252602 66.984428
20.861843 253.263016 39.515289 253.174255
272.966125 109.472626 291.860382 109.428810
23.544289 6.623409 41.321457 6.477388
7.721409 99.366119 25.671513 99.245789
47.210129 22.998577 65.136543 22.901007
330.760071 136.374542 350.148895 136.243042
313.892700 41.858318 332.728333 41.820339
45.927345 45.603004 63.903526 45.503746
89.488976 31.829672 124.876900 31.795912
322.594879 324.437347 343.344788 324.443726
263.411316 64.929932 282.024292 64.753845
332.505371 250.180145 352.559265 250.226105
338.046234 322.239685 358.851227 322.376099
31.758944 59.668682 49.684402 59.587959
250.906982 133.672409 269.783661 133.655289
349.587677 120.788399 368.994476 120.862556
317.705902 163.663696 337.135742 163.577225
285.988159 84.458061 304.847260 84.413048
214.948456 74.668922 248.270020 71.722679
59.734856 206.649628 78.301407 206.593185
57.392780 17.621099 75.378998 17.533367
343.860840 221.486832 363.718384 221.505127
250.142975 164.144501 269.224060 164.123093
274.380737 29.586140 293.014740 29.544447
296.529053 198.161072 316.044556 198.148666
273.719513 62.467430 292.445160 62.419209
44.246334 32.640537 62.190571 32.531368
122.165176 85.464355 155.829895 86.562355
357.560181 304.686584 378.283020 304.716949
16.526588 20.361576 34.305923 20.233175
300.256134 187.973755 319.771545 188.010223
339.777740 186.039291 359.444855 186.092987
30.448309 122.175720 48.574566 122.115593
365.548065 30.657782 384.652740 30.750420
16.070091 75.107468 33.983410 75.012222
29.740559 300.621368 49.093403 300.586426
332.197449 163.407425 351.355652 163.367111
377.699158 158.084396 397.141815 158.115753
9.459493 219.599640 27.851397 219.437103
354.513184 207.556702 374.329498 207.601639
82.745216 25.458914 100.787094 25.156641
360.630829 330.488159 381.682739 330.528137
159.677078 226.721222 204.757584 226.564255
61.696667 184.345871 80.246178 184.271896
26.453142 69.773727 44.393547 69.690781
319.838684 224.533142 339.606049 224.447021
43.597744 214.171387 62.416515 214.122803
335.770447 353.014008 356.966003 353.120667
92.712151 113.005066 110.919716 113.081612
286.003052 128.127380 305.146332 128.056320
27.922504 98.737007 45.991856 98.674911
211.202011 101.897560 242.632690 102.206009
101.446892 35.856579 135.943771 35.811340
306.326294 156.112991 325.633362 156.307938
288.374420 65.596725 307.151611 65.554825
175.984314 74.499481 211.517654 74.517830
374.889282 225.321045 394.996918 225.381912
368.422272 288.821106 388.984894 288.886505
8.815939 51.118393 26.610401 51.007801
292.842712 123.005844 311.932129 122.983627
331.158173 222.141022 350.926758 222.162384
70.598862 56.665226 88.736565 56.600128
272.870239 130.818298 291.877441 130.813034
29.492451 12.545862 47.414917 12.469320
53.887051 81.087593 72.004684 81.013702
272.094025 15.082630 290.489471 15.139053
43.079605 156.824509 61.405762 156.746246
38.196064 176.595444 56.621944 176.516083
266.598083 120.158989 285.470551 120.141579
44.243694 108.371445 62.385792 108.279274
34.895924 32.585743 52.851280 32.508434
261.686981 131.296585 280.609253 131.297852
17.111273 187.919525 35.399189 187.755707
194.042664 95.720093 226.753723 95.820992
261.451019 224.343201 281.025299 224.655991
221.407791 199.667465 265.939423 199.520111
163.896439 324.471832 209.333618 324.443207
19.255053 129.725586 37.368298 129.637436
83.816177 88.579353 101.963104 88.548462
319.863586 61.658497 338.757507 61.600681
295.320343 172.707642 314.699188 172.767105
348.369446 326.197418 369.266846 326.211823
346.166595 306.722260 366.948822 306.725311
68.073097 97.953308 86.297729 97.838028
157.128220 134.728745 189.878845 134.704926
339.536926 120.568588 358.813812 120.576065
77.049385 169.150497 95.557259 169.076340
31.873697 76.752861 49.881332 76.665855
81.736694 199.444275 123.479088 199.392258
83.445526 112.949852 101.944504 112.901695
346.404083 265.065704 367.023285 265.411499
332.600189 63.231594 351.669128 63.279770
269.384888 241.577972 310.448944 241.629578
54.025894 61.372501 72.042374 61.298916
277.734802 145.803024 296.835480 145.691605
35.904892 68.476082 53.873871 68.397163
287.724121 151.396774 306.980377 151.352234
12.614816 36.561443 30.415194 36.470383
57.864655 98.083565 76.098076 98.018791
202.640869 323.250061 282.401825 321.340637
202.933334 367.848114 247.744507 367.857269
284.505890 100.945328 303.419983 100.937187
270.457947 318.882385 311.579865 318.860352
324.268188 102.375999 343.477295 102.422050
294.513916 25.941292 313.170654 25.892836
315.552948 84.926682 334.583252 84.903999
236.092880 152.266602 255.043915 152.220337
200.967804 244.307205 245.723373 244.281326
181.921875 262.982391 227.146912 262.908356
326.924316 234.273911 346.800415 234.283676
72.016685 243.962891 114.793945 243.882019
44.020687 167.073608 62.365963 166.911667
274.021912 192.666000 293.378082 192.675491
184.085632 341.919556 229.329803 341.879456
254.617416 260.116455 296.867981 260.143311
118.022598 97.739639 151.528244 97.710770
122.938705 156.914932 141.592911 156.953537
71.159378 322.093384 113.995049 322.053406
237.654144 243.091049 280.895447 243.074387
342.352783 53.611172 361.401306 53.610203
38.042198 95.802589 56.144596 95.738007
345.443939 42.082993 364.513977 42.072586
122.740852 302.692841 167.807861 302.616547
43.658272 57.393143 61.654469 57.301247
141.712448 284.895630 187.010284 284.819946
183.024475 302.520325 228.238861 302.503510
189.566162 73.760857 224.857788 73.895966
72.050339 283.140259 114.838821 283.078430
387.370239 133.464478 407.065979 133.520935
221.045212 300.868805 265.214844 300.878357
70.844170 361.111694 113.723701 361.100342
221.813812 340.289917 266.031525 340.257751
349.088043 108.228813 368.315521 108.327499
337.805756 229.895340 357.712311 229.895813
269.769012 279.897247 310.844482 279.901733
361.435181 40.941944 380.546082 40.982765
271.486755 357.159119 312.564911 357.120331
46.029430 281.296448 86.218369 281.224670
45.881336 319.379181 86.081352 319.296509
123.376282 263.208282 168.391144 263.128479
87.006157 341.198517 130.798309 341.203766
191.932373 86.279633 226.308075 86.209480
63.297874 71.737167 81.466057 71.668030
219.926071 261.829895 263.983398 261.808411
278.162903 96.419365 297.005890 96.364174
328.683258 53.918240 347.689697 53.867645
331.443420 284.571503 351.765625 284.586761
57.527710 299.702728 99.225075 299.668701
70.373756 120.306824 88.564804 120.188744
46.442127 242.994522 86.696014 242.913681
87.366264 302.016937 131.126328 301.961823
122.174782 342.415466 167.199478 342.360992
169.740753 179.938446 202.652832 179.903290
83.233269 141.311218 101.832413 141.153152
9.423275 110.752800 27.444998 110.645424
210.557098 123.980408 241.267502 123.769180
230.425995 225.370529 267.334839 225.761261
77.673309 59.658123 95.891586 59.610619
368.823212 316.876801 389.754028 316.890533
377.605927 37.351105 396.878693 37.338116
332.169159 336.337708 353.084351 336.408508
331.756348 269.980225 351.976776 269.964691
216.974213 213.623032 257.745575 215.171036
99.387329 227.136917 141.828415 227.003937
376.452698 44.055157 395.666382 44.068863
358.239532 293.983154 378.824860 294.069336
56.345783 320.278229 97.969925 320.228638
323.922699 112.866882 343.167938 112.775070
198.737152 192.326279 230.423920 191.706665
141.654175 189.972183 173.679611 191.013214
138.149384 108.701332 169.276718 108.612991
335.251831 260.010040 355.458588 260.057678
181.387009 323.152954 226.615280 323.056152
178.112579 225.619690 217.890701 225.345398
267.678619 141.705429 286.712616 141.652283
20.140059 82.429161 38.033226 82.323853
347.502014 352.117798 368.813660 352.156250
293.255768 159.121094 312.570587 159.032150
121.064049 323.267517 166.120255 323.242645
86.738899 243.266342 130.469971 243.243576
258.746368 355.711853 300.806488 355.760864
85.889244 360.796204 129.630157 360.843414
219.353683 322.258362 263.650604 322.264221
186.432083 134.810089 219.199631 134.802017
350.411194 232.537949 370.426392 232.604889
331.960419 240.759171 351.913879 240.795807
235.751953 261.953003 279.078583 261.981323
163.268402 342.851288 208.679016 342.805084
170.680496 313.088135 216.051636 313.094879
268.350189 260.651917 309.537903 260.662231
83.288391 211.067291 124.700699 210.946335
199.496429 263.451630 244.298752 263.377289
168.675156 291.871826 214.112534 291.867889
86.333336 321.678925 130.028351 321.668335
86.745445 282.394104 130.482727 282.373871
237.713943 340.984619 281.195374 340.864075
189.516129 254.669998 234.604965 254.665863
45.742516 262.295227 85.954605 262.177704
379.672791 328.006439 400.888824 328.004944
70.072212 340.442688 112.786789 340.376740
209.825027 352.087311 254.446167 352.132141
70.994850 263.163208 113.673119 263.043274
169.289032 274.064484 214.651459 274.036407
150.390030 231.984650 196.071472 231.967896
218.515213 282.539917 262.728851 282.552155
121.844330 244.382523 166.984085 244.254776
199.923141 302.866028 244.716476 302.839783
281.744843 278.079895 321.508942 277.962341
160.466293 304.194153 205.811386 304.169250
282.902679 354.931244 322.645996 354.976654
280.922577 54.176941 299.595062 54.127899
281.232666 5.981296 299.739075 6.248397
231.671280 90.636635 264.854950 90.729935
139.879700 264.691467 185.176636 264.605133
282.054657 316.806854 321.840820 316.762451
251.367996 225.853882 162.899734 227.524475
121.438492 283.713898 166.562210 283.631561
189.613358 272.928772 234.742096 272.945740
220.225082 361.423431 264.530090 361.408081
180.193756 243.614838 225.493484 243.592896
161.717697 263.608490 207.152573 263.561249
189.515366 312.729645 234.633255 312.671417
243.192886 288.647156 286.210632 288.622650
275.108429 345.977570 315.758362 346.016357
225.860214 294.509003 269.777283 294.523407
168.648163 251.852020 213.851074 251.781265
259.835876 253.559021 301.674469 253.511002
76.175850 312.043091 119.381447 312.041595
261.318085 331.037354 303.228943 331.019806
139.617035 304.176208 184.899475 304.227936
182.870300 97.451324 216.733261 97.432823
207.272507 329.718689 251.925568 329.661194
242.910431 249.665894 285.737366 249.600677
226.249176 271.502808 269.905670 271.429932
111.141411 252.084518 155.778366 251.973083
93.223770 255.667603 137.230164 255.600342
262.873108 270.928192 304.459198 270.995453
49.934067 230.072006 90.757401 230.040665
76.137314 352.619934 119.420151 352.593842
244.732697 349.672455 287.733154 349.688354
331.811432 82.181038 350.830566 82.084724
61.219906 293.652435 103.279366 293.498810
260.802887 292.031128 302.610382 292.103882
206.688461 251.185989 251.346176 251.120224
91.756760 312.151123 135.672928 312.061890
149.892105 292.622437 195.246918 292.612762
92.949905 352.065002 137.178833 352.093567
75.244392 273.316711 118.372818 273.327301
130.427460 254.669708 175.713898 254.581726
129.153976 313.872925 174.325851 313.918457
260.439026 229.336563 302.147064 229.526047
93.168388 333.830231 137.310165 333.823792
193.748627 180.579361 225.833389 180.564987
363.737061 354.226135 384.831451 354.258606
189.334579 294.751343 234.365097 294.776764
99.797997 202.653549 139.701538 202.338333
92.193550 295.240173 136.162872 295.279816
77.285210 252.780045 120.475975 252.757187
197.807953 118.127640 230.092056 118.061317
152.568787 40.543583 188.134552 40.569691
16.435377 350.618591 35.395176 350.594788
244.704498 310.374786 287.599335 310.454987
261.231934 308.121216 303.071198 308.248047
109.615173 331.343109 154.341705 331.227051
190.560699 352.647797 235.659195 352.710358
129.746674 274.448669 174.877945 274.308167
207.348328 233.003052 251.899475 232.963242
138.516342 118.747086 169.524551 118.146484
175.141418 198.067688 206.780640 198.035690
128.089630 334.557648 173.373184 334.488251
273.915924 247.355927 314.527069 247.359009
166.786423 143.601379 199.688110 143.493835
148.395828 275.072784 193.744675 274.977783
198.194168 74.150993 233.033737 74.041473
110.975044 314.646332 155.830902 314.503815
189.399261 49.287495 225.223328 49.246063
184.244797 190.164688 216.207153 190.256897
169.492126 115.747169 201.902466 115.751152
129.056992 296.712219 174.285477 296.589020
173.994141 131.310989 206.832657 131.312241
189.874359 59.331100 224.569611 59.355297
113.589462 24.114265 146.748276 24.125317
212.090195 92.070488 243.085373 93.335953
137.633011 94.222664 167.657501 94.715080
334.780579 23.256336 353.691711 23.219280
137.834152 129.939636 168.524200 130.258102
127.679420 154.964447 146.346741 154.919647
368.448364 156.360886 388.075684 156.401672
324.238281 149.514267 343.502472 149.621048
165.233994 225.111038 194.670471 225.046280
300.926758 97.976166 319.919495 97.951683
71.045555 83.888206 89.271889 83.899620
54.531521 117.887459 72.773254 117.805862
103.496552 110.856369 134.596237 110.757118
383.244476 67.882401 402.567383 67.913605
100.750847 77.320190 135.218582 77.291862
159.978104 92.888222 193.557678 93.276047
94.759315 134.473114 113.288170 134.371796
161.043549 244.471863 206.468872 244.415131
107.376854 148.292709 126.010246 148.303452
23.957651 55.403908 41.845917 55.249821
324.569366 39.998413 343.473083 39.958138
172.850494 181.771240 205.648697 181.811859
161.961075 284.609131 207.375290 284.547852
346.224945 188.529266 366.084198 188.503220
141.529434 245.563751 186.913864 245.506729
201.534485 284.082092 246.243515 284.071869
162.938812 157.069366 196.208694 156.856369
104.764168 284.400116 149.365982 284.325958
73.762955 112.230980 92.047813 112.165504
104.547462 244.542038 149.124084 244.485321
57.290730 263.717072 98.810181 263.663818
187.637314 222.907837 231.050339 223.019104
278.682739 165.302704 297.947998 165.068390
