# Control Points File
# Left Image: O1.png
# Right Image: O2.png
# Format: Left_X Left_Y Right_X Right_Y
# Total Points: 203
# Generated Time: 2025-11-26 21:59:50

261.667389 96.161133 233.692276 96.300316
112.746605 140.432831 78.617462 140.596771
352.940338 158.898972 319.869629 158.983948
103.255890 135.063385 68.551506 135.213562
365.536682 162.038498 331.647247 162.143311
114.982216 158.394485 80.940620 158.540009
187.559097 216.760437 158.254913 216.788208
225.527649 13.658533 198.963699 13.813460
330.292725 284.596466 298.199219 284.628387
306.127686 283.802673 275.463318 283.817444
133.539871 160.521942 100.908691 160.636978
132.814011 216.944855 100.073524 217.182724
259.355621 270.837952 231.025299 270.946686
330.766510 192.327148 298.865051 192.510620
330.438599 246.579620 298.449982 246.870239
329.987640 274.608795 297.919922 274.672089
340.199310 220.827057 307.524078 220.917557
339.015350 315.435913 306.405914 315.494415
359.158203 227.856445 325.493408 227.888687
348.699707 13.919832 316.252777 14.087778
228.123962 114.103912 192.255463 114.273849
101.654633 229.455994 66.751366 229.591095
124.333435 188.676239 90.759277 188.883881
213.402328 279.509796 177.376434 279.817352
158.622910 27.512310 127.443161 27.632195
158.527496 16.326332 127.528580 16.587420
366.325287 319.524963 331.561432 319.361145
132.063766 271.181152 99.131775 271.422852
221.876694 24.929993 195.176422 24.998699
359.568512 240.617355 325.936951 240.698380
116.863205 298.029602 82.940506 298.154510
201.042938 22.668625 172.853485 22.832678
103.186333 305.874207 68.490273 306.105438
348.817566 298.205231 315.616486 298.357330
131.203751 305.175049 98.126495 305.449066
342.525482 55.829525 310.157227 56.021618
299.726807 13.620252 269.871979 13.758036
185.243500 323.858795 270.970337 325.683563
264.046722 24.857643 236.105896 25.059278
357.615051 6.984602 324.705322 7.116226
185.007095 345.189545 139.348022 345.303680
349.023285 183.891998 316.095673 184.033737
333.784332 28.870436 302.096405 29.108389
226.925980 136.879761 190.811584 136.961990
112.249817 340.152893 68.711861 340.340210
358.708038 299.506836 325.072052 299.568695
136.136841 24.967190 103.704140 25.456638
359.926636 180.834335 326.515320 180.928757
355.954590 290.387207 322.438385 290.548431
154.015656 280.665741 122.504250 280.876587
134.105804 134.058655 101.338737 134.204376
55.129417 331.002014 13.947316 331.119751
172.229141 7.504605 142.135666 7.633489
134.866455 79.311165 102.184341 79.358650
349.544769 313.884888 316.204681 313.900818
331.623535 165.333862 299.752930 165.516739
126.162216 78.044411 92.663429 78.212654
314.950958 214.642899 283.832275 214.728424
125.500488 133.020859 92.039658 133.202896
342.973633 83.385109 310.387085 83.581421
127.332970 23.091970 94.183327 23.274918
310.174927 21.077251 279.734131 21.199312
287.559601 99.999588 257.796173 99.981789
342.612305 326.694458 300.430603 326.740967
278.238281 254.497360 248.970306 254.584305
149.976151 84.934540 118.524124 85.030472
284.472870 294.328278 255.012146 294.500305
196.891541 269.953613 121.989372 270.932739
90.660316 324.517090 54.815392 324.668915
194.268951 178.527420 164.984299 179.609528
226.887833 145.218796 190.673691 145.354538
204.179550 76.889893 176.223083 76.986732
146.528763 333.130035 107.400116 333.333160
137.671631 325.532928 98.922615 325.865906
352.870361 93.649780 319.918488 93.766083
352.998840 108.710464 320.268555 108.852203
78.576447 350.691376 39.899742 350.919250
113.056290 352.089050 67.284126 352.334534
117.488182 93.660294 83.791298 93.809715
238.557785 326.272614 201.097412 326.457458
95.901649 76.226402 60.806477 76.490082
130.938599 315.649872 97.757866 315.755463
371.783051 220.953125 337.458405 221.001907
257.528931 314.511108 229.284866 314.570496
375.507843 26.684958 341.322144 26.992706
100.496231 323.992065 65.031677 324.118896
370.254089 276.851074 335.960022 276.869598
102.882668 287.268951 68.024208 287.511261
330.726837 295.328796 298.634644 295.350586
96.756638 20.088020 61.671192 20.302025
118.627960 207.158676 84.692223 207.397705
374.682373 54.120564 340.577362 54.263958
113.644760 229.048981 79.539108 229.232727
239.051788 117.140205 202.813644 117.277718
245.420944 137.075394 209.355637 137.196136
196.112076 313.582611 144.715714 314.669922
340.413574 248.139114 307.988861 248.228577
91.119232 312.843231 55.578739 312.336975
346.247925 210.381897 313.450348 210.488754
432.593445 328.115234 393.902649 328.248993
123.631905 169.247467 90.187820 169.496353
347.578308 276.379395 314.324371 276.440430
172.345612 360.464722 123.574036 360.747223
275.573792 288.941193 246.506454 289.091583
402.088623 362.783356 351.873932 362.701080
237.154709 145.254715 200.625687 145.394073
117.978508 252.344345 84.116440 252.558197
289.008087 355.373108 243.397110 355.472626
348.740967 23.966049 316.430664 24.117382
233.745834 283.641571 196.464874 283.814575
70.780266 355.913391 27.139366 355.978485
172.171417 287.078583 141.665985 287.480835
244.062027 18.744741 217.302551 18.861004
294.957458 314.872070 264.803955 314.838654
232.595032 25.943821 206.317337 26.065435
331.703613 117.575035 299.881836 119.418694
149.781433 288.424652 117.830933 288.606659
260.366272 324.445953 231.236847 324.525085
263.383636 348.005798 218.826385 348.144501
113.094864 239.316483 78.985168 239.439758
131.862717 341.099579 88.675438 341.342560
122.479370 30.917992 89.088516 31.028690
70.319969 328.911102 29.128872 328.699371
121.767418 326.836273 83.115242 327.006989
216.966965 17.979498 189.851898 18.055788
187.886566 105.683846 158.873123 105.691849
367.585724 363.156036 317.431488 363.267548
150.537445 357.111786 98.695480 357.276917
333.682648 356.718689 281.616974 356.918793
349.373505 174.556595 316.547943 174.729233
98.372162 65.924873 63.444309 66.302299
229.786545 106.416237 203.644333 107.316101
167.624786 17.837193 137.283829 17.922523
351.174347 74.147850 318.516510 74.216339
239.846756 245.262741 202.909607 245.378296
240.752731 232.987564 203.918365 233.215698
96.124359 176.608856 60.934879 176.415604
92.051613 341.404816 52.355648 341.449860
118.847305 306.173370 85.237854 306.310822
144.589767 314.270081 112.289421 314.452362
239.210968 359.514038 187.408600 359.606903
99.769524 34.177170 64.926094 34.720528
235.469879 296.475037 198.008606 296.641846
341.140778 94.383553 308.752625 94.631783
306.532867 225.200241 275.933716 225.319794
224.457626 271.119263 187.420090 271.241760
390.633057 355.731079 341.544800 355.830902
234.811462 213.280899 198.078903 213.444229
372.534576 67.265739 338.548279 67.584930
292.368835 240.491348 262.314514 240.757797
371.764221 122.710236 337.676880 122.727280
370.668884 206.244141 336.495636 206.416107
239.022919 265.059204 201.875397 265.182007
278.037842 348.321136 233.628189 348.433472
195.714783 96.064003 167.283981 95.931213
360.196747 249.586121 326.596527 249.601379
423.842041 350.485321 384.688446 350.556458
242.898727 184.853394 206.402679 184.784180
133.633026 182.547195 100.835922 183.930176
241.740219 161.469757 205.131348 161.691895
215.253632 248.070251 179.367783 248.398315
224.958023 257.073792 188.033798 257.176788
358.888092 193.000824 324.795074 193.070541
214.737411 260.523926 178.718048 260.709381
225.348801 226.432007 188.646439 226.372177
418.942627 332.360962 380.379639 332.414551
162.907715 226.967133 131.966568 227.122864
228.386902 125.633965 192.238129 125.571358
377.242004 332.723999 334.946320 332.660004
240.115143 275.174377 202.896271 275.319702
329.740570 262.553589 297.901428 261.182953
318.731903 273.626923 252.473267 271.917511
241.318787 204.168442 204.535706 204.019196
365.017975 143.394470 331.197479 143.468948
103.976425 153.801208 69.399948 154.077728
222.521545 319.774170 185.056885 319.837036
330.557434 220.989807 298.646301 221.080017
135.653625 14.264072 103.058182 14.458839
388.041626 340.094818 346.575226 340.255096
221.813766 35.480080 194.981018 35.674149
122.218681 270.938202 88.653915 271.134827
331.764587 138.396667 299.868561 138.475479
213.734680 269.909027 177.518494 270.376831
343.131073 28.325291 310.758453 28.586617
126.533951 50.215221 93.353523 50.358646
304.399078 323.728149 272.314728 324.178589
332.344025 110.355385 300.594086 110.482071
241.649170 28.753141 214.750717 29.011518
92.034546 272.018768 56.240223 272.407623
186.017807 284.918976 156.609009 285.065277
153.073349 314.736206 121.577858 314.746277
374.192963 82.185593 339.869995 82.345284
370.261963 248.917450 335.998138 248.995911
402.705780 322.522888 369.704071 322.629547
183.608536 47.886967 154.135056 48.006435
273.632080 196.302612 244.907349 196.437012
204.078156 87.128456 176.014877 87.339409
297.921539 233.852219 267.680298 233.948883
294.116211 33.018669 264.144043 33.267216
308.522705 207.685120 278.008026 208.224976
354.214355 143.406982 321.031433 143.488998
321.813385 31.022017 291.262695 31.087053
268.462189 200.426727 239.821960 200.823669
