# Control Points File
# Left Image: txtxA.jpg
# Right Image: txtxB.jpg
# Format: Left_X Left_Y Right_X Right_Y
# Total Points: 290
# Generated Time: 2025-11-26 10:10:48

445.577911 256.320251 453.389099 256.431763
193.561859 473.227753 186.617432 473.331177
192.997284 485.289703 185.720184 485.378357
127.430115 264.877777 124.386826 265.014191
161.533539 450.330963 157.800095 450.259827
83.176727 291.446442 85.436768 291.471985
237.691345 398.610870 235.248093 398.476837
234.915771 486.328033 226.659531 486.542816
477.858856 328.935242 477.256073 329.043121
552.239929 518.553528 550.631348 518.715820
148.526886 249.779861 143.612274 250.559601
285.520721 550.354065 273.956421 550.535461
483.243073 537.390015 472.437042 537.603455
97.980606 242.549728 99.212036 242.624069
42.274712 282.763947 45.606911 282.824371
230.675186 524.404602 220.537659 524.297119
567.338501 326.641418 563.764648 327.246002
434.579315 310.059235 434.825745 310.101563
107.322472 325.990112 107.528236 326.045624
508.001434 370.370544 502.758270 370.432526
171.294159 239.635239 167.724899 239.814880
378.661469 225.013428 378.856323 225.278488
503.127075 524.220581 494.540100 524.537781
263.575867 582.347900 251.777710 582.437927
410.228180 237.361923 410.552338 237.496597
141.823120 156.405746 147.413589 156.512421
227.121918 352.606079 221.459991 352.727173
494.637573 514.025269 484.282410 514.318481
383.407593 365.281647 378.956055 365.243164
177.943619 188.413757 177.404221 188.633301
394.896881 462.495422 385.531281 462.749542
189.965622 571.843079 180.918076 571.871399
335.377716 236.311493 334.928314 236.098114
176.893768 538.899048 168.321686 538.979004
361.248108 370.937225 355.737488 371.131195
323.644012 546.492798 312.521484 546.635803
219.131912 535.690552 210.130356 535.963257
40.631821 317.117798 46.178898 317.294922
327.601196 512.520874 317.897125 512.682861
167.979752 566.252808 160.108002 566.092102
552.878357 218.785782 563.584167 218.803833
488.686768 364.215820 483.836853 364.445618
263.630066 479.886810 254.699234 480.097382
207.896072 343.066895 202.353958 343.105591
191.683151 531.568665 182.986282 531.720459
520.326660 503.386841 511.257446 503.554993
318.482178 365.659698 325.570740 365.234100
499.036194 170.316498 518.439636 170.168976
502.074829 408.216339 495.461945 408.382416
126.352791 535.635498 118.259109 535.786865
368.695007 227.656403 369.256134 227.451843
180.666840 585.211487 173.959961 585.264160
341.496674 539.799622 330.682007 539.893250
278.163422 454.238281 270.123199 454.458923
397.002380 475.813843 387.012360 475.999054
95.924385 307.173889 99.322800 307.303833
528.854004 298.279694 527.588013 298.491516
291.787323 282.198242 288.875427 282.080078
427.867401 284.604370 427.678314 284.699280
390.529785 395.783264 381.922363 395.758270
37.320480 302.061157 40.273922 302.281097
22.613932 391.503387 21.138754 391.291687
275.893372 568.797974 264.268158 568.835938
23.396704 404.780029 21.861317 404.967316
52.234570 353.250854 51.351559 353.551697
464.144592 546.656738 452.082672 546.678284
182.018677 232.861053 179.285446 232.541428
375.784576 400.136230 366.812866 400.242279
193.909424 339.043671 188.490128 339.130249
126.297485 464.276398 120.233528 464.383728
332.412842 211.599762 334.220642 211.689117
143.097183 550.260986 135.074692 550.321167
47.666504 369.103333 46.547119 369.125153
512.596313 508.163269 503.869781 508.304657
177.615387 570.659241 169.231796 570.652649
379.863190 280.275574 378.699341 280.202789
367.637665 594.819519 356.698486 595.173279
538.485840 315.291138 535.405701 315.055725
569.377808 392.930695 564.493286 393.028778
16.755320 251.594299 20.909235 251.750977
603.346252 275.291809 606.107788 275.246826
55.441032 298.306641 57.998226 298.412659
151.105637 560.058350 144.277039 560.146057
606.697632 421.355957 601.885620 421.442139
283.351105 593.511536 272.067749 593.552368
269.452484 497.717285 259.878967 497.975616
229.365051 206.476440 231.526474 206.162369
438.327759 325.334930 435.958160 325.435547
470.504333 344.446167 462.647400 341.870667
196.346893 208.896606 194.513687 209.167862
565.312622 246.583420 574.716919 246.707550
196.508591 542.099182 187.448090 542.139954
366.510406 413.896271 359.490906 413.998596
59.392101 230.700516 62.007862 230.927368
19.528482 553.282532 22.079456 553.719421
155.375656 502.560699 148.391403 502.629822
424.099030 135.408508 443.499817 135.635376
68.839531 326.447662 71.510742 326.516541
195.612854 564.362122 186.406815 564.490173
539.434265 202.010757 551.400391 201.826019
183.282410 119.938179 189.025253 119.944145
37.967411 389.252380 37.935886 389.285126
342.107056 314.309113 339.964508 314.335419
231.572586 544.476196 221.814453 544.308044
292.396027 574.605957 281.411133 574.740784
36.238945 542.511597 36.619167 542.679504
101.952850 469.348541 97.995468 469.446686
135.575378 528.403320 127.718712 528.430969
564.224792 489.799194 555.642517 489.879791
537.791077 395.256195 532.988647 395.516876
172.117676 415.869324 165.944550 415.714203
309.111389 311.262512 305.085846 311.311951
126.164444 249.883484 125.400093 250.159790
300.707397 519.555847 291.360748 519.888733
119.417221 545.829895 112.279175 545.781311
526.684448 307.824890 525.268921 307.890961
84.263206 505.227417 78.864494 505.470886
56.917839 239.220901 59.630959 239.239929
95.001205 360.611938 92.105400 360.646912
562.231750 293.513916 560.896729 293.549438
101.562851 451.931793 99.374046 451.460114
278.829590 527.162781 268.267151 526.781433
502.415283 224.195343 508.757538 224.200821
526.178711 51.736320 561.837402 51.838493
116.214867 318.598297 113.587502 318.664307
527.860229 420.135223 520.557373 420.082642
530.752014 554.882507 521.026978 554.824646
351.584900 595.326172 339.653137 595.337097
274.755981 555.828613 263.381012 555.931152
579.064575 236.554520 588.760681 236.732452
572.076538 274.971588 575.112061 275.113403
36.464725 367.242828 36.212269 367.421570
439.593262 395.751129 433.230988 395.930145
52.811512 511.617889 49.509979 511.683136
164.122940 368.768860 157.581314 369.996155
143.138107 145.235168 149.456268 145.262848
69.320694 305.805115 72.593788 305.900116
330.879974 585.604309 319.398621 585.713318
239.376740 455.622498 231.407959 456.057587
503.107361 382.142395 497.657471 382.261230
29.231153 519.783630 27.793762 519.759949
588.016174 171.244141 612.312195 171.329086
303.009674 566.093750 290.925629 566.120483
6.932426 511.331177 7.920028 511.471741
292.421539 425.908722 284.971008 426.334198
388.003387 573.828796 383.351257 573.893127
352.321686 483.131714 343.155426 483.338928
174.943497 149.745453 179.341370 150.054321
319.585083 86.304329 335.638306 86.343948
264.863556 39.513657 292.982697 39.547386
24.318989 440.836517 24.519331 440.848846
307.958313 268.685303 305.831696 269.003296
39.262329 513.642700 36.744770 513.728027
11.754586 500.828491 12.125280 500.939880
380.372803 456.132446 371.382568 456.392242
346.830170 230.268600 346.829193 230.280823
254.957275 131.494659 264.553284 131.487991
75.158821 292.393463 77.168633 292.395508
450.455475 525.071899 438.628021 525.161926
316.521210 252.215042 314.665924 252.316757
270.698547 243.975357 268.988281 244.230545
264.737061 108.918846 279.208008 109.015091
151.457626 319.360840 147.350601 319.191040
286.713684 39.936401 314.778748 40.097698
309.548096 210.503662 310.609894 210.572037
55.108429 416.183716 53.942535 416.318726
336.387787 596.889893 324.664490 596.868042
595.589783 225.399948 607.756775 225.541290
159.345016 392.166107 153.137939 391.922455
78.993355 249.049866 81.449883 249.133041
35.106709 498.430542 33.765465 498.483490
353.070007 535.222900 341.686432 535.452148
142.299225 222.998032 142.017761 223.413864
168.090958 214.890976 169.752563 214.742111
286.140228 89.125595 301.863251 89.201950
327.028748 6.446611 368.736298 6.393953
182.483963 319.421448 177.740662 319.365387
307.492645 149.809631 325.118927 149.631638
427.709717 586.241394 418.443665 586.297119
300.239990 256.434601 298.115509 256.754486
396.777710 175.546951 405.115112 175.632294
554.527222 480.773132 546.093872 480.941711
506.348297 497.772461 497.458496 497.843140
566.309875 366.476196 563.124451 367.248230
546.439819 208.980713 557.247986 209.133331
545.192017 587.514587 537.119690 587.061523
159.904449 378.473114 153.874176 379.214478
382.345703 418.917694 375.100616 419.108276
579.204529 323.138428 577.103394 323.257080
149.552551 366.787781 144.366943 366.505127
55.886879 459.776123 52.287334 459.786804
493.439606 575.900391 490.158173 576.002014
96.281975 430.263947 93.135948 430.395844
64.039093 434.878998 61.740150 434.884521
315.534729 8.045880 356.677795 8.392982
64.206482 523.532593 61.062035 523.783752
413.618134 352.845764 409.919128 352.905640
516.295715 432.830627 508.706360 432.855713
601.191711 339.409058 599.025635 339.498322
463.933746 54.811878 500.703094 54.594749
199.534637 551.056519 190.492630 551.061035
526.746887 436.404968 519.591248 436.702972
475.943878 484.397156 466.655304 484.348145
509.885040 530.138550 501.081360 530.176208
585.789185 511.404694 576.349487 511.450195
537.657776 533.734680 529.130188 533.623596
333.093201 110.597031 357.568298 109.528275
389.920654 286.085266 388.850128 286.118835
380.440216 499.725067 370.669495 499.816254
433.753113 344.456635 430.627289 344.309875
421.089386 320.558899 419.291077 320.705933
255.201553 270.073730 262.010803 272.181335
130.248459 293.528870 126.885452 293.641144
357.194550 310.442719 365.373047 309.617218
44.647602 342.398529 45.901836 342.601410
235.070923 369.447144 229.956055 369.270172
514.781738 325.255066 515.756104 324.754120
364.881653 109.977554 389.387634 110.108704
247.622650 488.258301 239.408783 488.421844
405.305206 294.137909 404.526611 294.106384
471.067657 468.588226 464.525177 468.420197
455.548492 307.494873 456.035767 307.624725
180.371765 107.005127 190.123520 107.255669
199.794601 318.005859 194.691406 317.999054
236.537247 262.599030 234.246689 262.749176
369.054565 558.755127 361.123718 559.040100
483.129822 438.579163 475.615082 438.567688
449.593689 233.396469 453.751831 233.209824
600.669983 551.901917 591.901550 552.051697
67.676926 215.704971 70.562782 215.900665
257.352417 150.860794 262.618591 150.865585
164.278900 327.761078 158.742355 327.754456
510.224457 236.626648 516.607849 236.689011
460.118591 213.267685 465.583435 213.370667
242.035065 549.738098 231.535858 550.082703
107.368759 518.825439 99.321083 518.247131
26.154007 222.066345 32.090424 222.185364
283.909088 216.441788 284.106873 216.269241
454.932617 500.498779 445.039368 500.495331
210.939804 574.504211 201.144043 574.760803
496.041626 474.122345 488.295959 474.520386
48.499428 394.901611 47.965893 395.005066
519.454041 345.559540 517.171631 343.688660
223.254791 239.595154 221.016251 241.378143
530.663513 565.453735 521.759338 565.373718
353.349762 86.243401 378.710022 85.387886
139.886353 508.456787 133.053787 508.452484
462.526520 533.022644 450.559204 533.113831
389.287445 106.611298 413.268646 107.074760
337.432709 564.982971 326.479980 564.838684
218.716614 218.077042 220.143158 217.222107
297.712494 192.897354 300.170807 193.223312
252.694534 53.169514 280.316437 53.361008
142.048569 327.869873 137.513870 328.053680
384.445374 171.629074 392.966461 171.045807
248.368774 507.003784 238.384964 506.856354
283.297089 470.996307 273.630402 471.356506
47.527653 423.782593 46.231365 424.181091
400.395569 541.332581 390.536835 541.474731
342.313324 66.497391 368.894287 65.885902
198.786240 132.852814 204.172653 133.197052
305.754333 80.282715 322.595764 80.177902
404.196838 273.130676 404.361694 273.322998
517.312988 485.241974 511.096619 486.697174
105.343483 406.770813 101.744171 406.811279
569.704529 580.366943 559.286621 580.484375
78.255730 399.122314 76.702911 399.320618
599.202026 320.635162 596.945984 320.317230
53.740810 175.061859 65.647995 175.039841
499.769775 455.049591 492.171112 455.094971
505.680573 549.060242 495.934967 549.278076
362.915771 140.741684 377.205414 140.376099
420.326477 331.527344 417.873047 332.040161
47.501030 452.104919 44.571640 452.114502
137.048508 352.933777 133.225342 353.192261
484.123718 489.045166 474.715240 488.971375
393.510223 415.190704 386.462006 415.262543
76.732803 23.696644 118.570076 23.741213
487.790558 287.796173 487.455383 288.294403
181.909515 266.163391 191.159683 263.945465
505.444336 575.138306 498.987549 575.357056
517.902893 230.660675 524.381775 230.761215
107.493454 183.229370 111.512466 183.217743
523.707947 281.179596 520.914001 281.697479
448.623260 419.014160 442.248230 418.737183
67.317123 316.309692 71.280716 316.287354
75.633690 575.456848 78.350677 575.698059
324.606384 468.738983 314.895844 469.227142
232.566895 513.196899 223.202713 513.044434
112.921066 536.269775 105.559280 536.511902
